GROUP,PACKAGE,CLASS,INSTRUCTION_MISSED,INSTRUCTION_COVERED,BRANCH_MISSED,BRANCH_COVERED,LINE_MISSED,LINE_COVERED,COMPLEXITY_MISSED,COMPLEXITY_COVERED,METHOD_MISSED,METHOD_COVERED
MoneyWise Personal Finance - Core,io.github.tonywasher.joceanus.moneywise.launch,MoneyWiseApp,37,0,0,0,7,0,6,0,6,0
MoneyWise Personal Finance - Core,io.github.tonywasher.joceanus.moneywise.atlas.ui.controls,MoneyWiseUIXSecurityAnalysisSelect,392,0,30,0,99,0,35,0,20,0
MoneyWise Personal Finance - Core,io.github.tonywasher.joceanus.moneywise.atlas.ui.controls,MoneyWiseUIXTransCategoryAnalysisSelect,286,0,22,0,71,0,27,0,16,0
MoneyWise Personal Finance - Core,io.github.tonywasher.joceanus.moneywise.atlas.ui.controls,MoneyWiseUIXDepositAnalysisSelect.MoneyWiseDepositState,135,0,10,0,40,0,17,0,12,0
MoneyWise Personal Finance - Core,io.github.tonywasher.joceanus.moneywise.atlas.ui.controls,MoneyWiseUIXTransCategoryAnalysisSelect.MoneyWiseEventState,91,0,6,0,27,0,12,0,9,0
MoneyWise Personal Finance - Core,io.github.tonywasher.joceanus.moneywise.atlas.ui.controls,MoneyWiseUIXAnalysisSelect,1486,0,76,0,338,0,99,0,61,0
MoneyWise Personal Finance - Core,io.github.tonywasher.joceanus.moneywise.atlas.ui.controls,MoneyWiseUIXAnalysisSelect.MoneyWiseAnalysisState,251,0,20,0,68,0,26,0,16,0
MoneyWise Personal Finance - Core,io.github.tonywasher.joceanus.moneywise.atlas.ui.controls,MoneyWiseUIXReportSelect,474,0,26,0,115,0,41,0,28,0
MoneyWise Personal Finance - Core,io.github.tonywasher.joceanus.moneywise.atlas.ui.controls,MoneyWiseUIXTransTagSelect,254,0,20,0,64,0,26,0,16,0
MoneyWise Personal Finance - Core,io.github.tonywasher.joceanus.moneywise.atlas.ui.controls,MoneyWiseUIXSecurityAnalysisSelect.MoneyWiseSecurityState,144,0,12,0,41,0,18,0,12,0
MoneyWise Personal Finance - Core,io.github.tonywasher.joceanus.moneywise.atlas.ui.controls,MoneyWiseUIXTaxBasisAnalysisSelect.MoneyWiseTaxBasisState,169,0,14,0,41,0,17,0,10,0
MoneyWise Personal Finance - Core,io.github.tonywasher.joceanus.moneywise.atlas.ui.controls,MoneyWiseUIXTransTagSelect.MoneyWiseTagState,91,0,6,0,27,0,12,0,9,0
MoneyWise Personal Finance - Core,io.github.tonywasher.joceanus.moneywise.atlas.ui.controls,MoneyWiseUIXAnalysisSelect.MoneyWiseXStatementSelect,15,0,0,0,6,0,3,0,3,0
MoneyWise Personal Finance - Core,io.github.tonywasher.joceanus.moneywise.atlas.ui.controls,MoneyWiseUIXReportSelect.MoneyWiseReportState,190,0,26,0,53,0,26,0,13,0
MoneyWise Personal Finance - Core,io.github.tonywasher.joceanus.moneywise.atlas.ui.controls,MoneyWiseUIXPayeeAnalysisSelect.MoneyWisePayeeState,91,0,6,0,27,0,12,0,9,0
MoneyWise Personal Finance - Core,io.github.tonywasher.joceanus.moneywise.atlas.ui.controls,MoneyWiseUIXPayeeAnalysisSelect,252,0,20,0,63,0,26,0,16,0
MoneyWise Personal Finance - Core,io.github.tonywasher.joceanus.moneywise.atlas.ui.controls,MoneyWiseUIXLoanAnalysisSelect,423,0,34,0,107,0,37,0,20,0
MoneyWise Personal Finance - Core,io.github.tonywasher.joceanus.moneywise.atlas.ui.controls,MoneyWiseUIXPortfolioAnalysisSelect,253,0,20,0,64,0,26,0,16,0
MoneyWise Personal Finance - Core,io.github.tonywasher.joceanus.moneywise.atlas.ui.controls,MoneyWiseUIXCashAnalysisSelect.MoneyWiseCashState,135,0,10,0,40,0,17,0,12,0
MoneyWise Personal Finance - Core,io.github.tonywasher.joceanus.moneywise.atlas.ui.controls,MoneyWiseUIXDepositAnalysisSelect,416,0,32,0,104,0,36,0,20,0
MoneyWise Personal Finance - Core,io.github.tonywasher.joceanus.moneywise.atlas.ui.controls,MoneyWiseUIXAllSelect,41,0,2,0,14,0,9,0,8,0
MoneyWise Personal Finance - Core,io.github.tonywasher.joceanus.moneywise.atlas.ui.controls,MoneyWiseUIXLoanAnalysisSelect.MoneyWiseLoanState,135,0,10,0,40,0,17,0,12,0
MoneyWise Personal Finance - Core,io.github.tonywasher.joceanus.moneywise.atlas.ui.controls,MoneyWiseUIXPortfolioAnalysisSelect.MoneyWisePortfolioState,91,0,6,0,27,0,12,0,9,0
MoneyWise Personal Finance - Core,io.github.tonywasher.joceanus.moneywise.atlas.ui.controls,MoneyWiseUIXTaxBasisAnalysisSelect,368,0,28,0,93,0,34,0,20,0
MoneyWise Personal Finance - Core,io.github.tonywasher.joceanus.moneywise.atlas.ui.controls,MoneyWiseUIXCashAnalysisSelect,421,0,32,0,106,0,37,0,21,0
MoneyWise Personal Finance - Core,io.github.tonywasher.joceanus.moneywise.ui,MoneyWiseUIResource,637,0,2,0,97,0,7,0,6,0
MoneyWise Personal Finance - Core,io.github.tonywasher.joceanus.moneywise.ui,MoneyWiseUIGoToId,39,0,0,0,7,0,1,0,1,0
MoneyWise Personal Finance - Core,io.github.tonywasher.joceanus.moneywise.ui,MoneyWiseUIAnalysisColumnSet,82,0,10,0,21,0,12,0,4,0
MoneyWise Personal Finance - Core,io.github.tonywasher.joceanus.moneywise.ui,MoneyWiseIcon,348,0,0,0,73,0,8,0,8,0
MoneyWise Personal Finance - Core,io.github.tonywasher.joceanus.moneywise.atlas.reports,MoneyWiseXReportTaxationBasis,252,0,14,0,63,0,13,0,6,0
MoneyWise Personal Finance - Core,io.github.tonywasher.joceanus.moneywise.atlas.reports,MoneyWiseXReportIncomeExpense,274,0,12,0,65,0,12,0,6,0
MoneyWise Personal Finance - Core,io.github.tonywasher.joceanus.moneywise.atlas.reports,MoneyWiseXReportBalanceSheet,1489,0,88,0,339,0,57,0,13,0
MoneyWise Personal Finance - Core,io.github.tonywasher.joceanus.moneywise.atlas.reports,MoneyWiseXReportCapitalGains,1212,0,63,0,293,0,71,0,37,0
MoneyWise Personal Finance - Core,io.github.tonywasher.joceanus.moneywise.atlas.reports,MoneyWiseXReportMarketGrowth,329,0,10,0,74,0,11,0,6,0
MoneyWise Personal Finance - Core,io.github.tonywasher.joceanus.moneywise.atlas.reports,MoneyWiseXReportType,118,0,17,0,33,0,19,0,6,0
MoneyWise Personal Finance - Core,io.github.tonywasher.joceanus.moneywise.atlas.reports,MoneyWiseXReportNetWorth,1262,0,118,0,313,0,72,0,13,0
MoneyWise Personal Finance - Core,io.github.tonywasher.joceanus.moneywise.atlas.reports,MoneyWiseXReportPortfolioView,453,0,12,0,100,0,14,0,8,0
MoneyWise Personal Finance - Core,io.github.tonywasher.joceanus.moneywise.atlas.reports,MoneyWiseXReportBuilder,114,0,17,0,25,0,15,0,2,0
MoneyWise Personal Finance - Core,io.github.tonywasher.joceanus.moneywise.atlas.reports,MoneyWiseXReportResource,186,0,2,0,32,0,6,0,5,0
MoneyWise Personal Finance - Core,io.github.tonywasher.joceanus.moneywise.atlas.reports,MoneyWiseXReportCashFlow,169,0,4,0,39,0,7,0,5,0
MoneyWise Personal Finance - Core,io.github.tonywasher.joceanus.moneywise.atlas.reports,MoneyWiseXReportConstants,13,0,0,0,4,0,1,0,1,0
MoneyWise Personal Finance - Core,io.github.tonywasher.joceanus.moneywise.atlas.reports,MoneyWiseXReportAssetGains,265,0,8,0,62,0,10,0,6,0
MoneyWise Personal Finance - Core,io.github.tonywasher.joceanus.moneywise.atlas.reports,MoneyWiseXReportStyleSheet,26,0,0,0,7,0,4,0,4,0
MoneyWise Personal Finance - Core,io.github.tonywasher.joceanus.moneywise.atlas.reports,MoneyWiseXReportTaxCalculation,237,0,4,0,55,0,8,0,6,0
MoneyWise Personal Finance - Core,io.github.tonywasher.joceanus.moneywise.views,MoneyWiseSpotSecurityPrice,107,0,12,0,40,0,20,0,14,0
MoneyWise Personal Finance - Core,io.github.tonywasher.joceanus.moneywise.views,MoneyWiseView,81,147,4,2,21,41,12,6,9,6
MoneyWise Personal Finance - Core,io.github.tonywasher.joceanus.moneywise.views,MoneyWiseYQLDownloader,158,0,20,0,50,0,12,0,2,0
MoneyWise Personal Finance - Core,io.github.tonywasher.joceanus.moneywise.views,MoneyWiseViewResource,147,0,2,0,27,0,7,0,6,0
MoneyWise Personal Finance - Core,io.github.tonywasher.joceanus.moneywise.views,MoneyWiseMaps,69,185,2,0,16,43,9,3,8,3
MoneyWise Personal Finance - Core,io.github.tonywasher.joceanus.moneywise.views,MoneyWiseSpotExchangeRate,100,0,12,0,35,0,16,0,10,0
MoneyWise Personal Finance - Core,io.github.tonywasher.joceanus.moneywise.views,MoneyWiseSpotSecurityPrice.MoneyWiseSpotSecurityList,231,0,18,0,67,0,24,0,15,0
MoneyWise Personal Finance - Core,io.github.tonywasher.joceanus.moneywise.views,MoneyWiseSpotExchangeRate.MoneyWiseSpotExchangeList,218,0,18,0,63,0,24,0,15,0
MoneyWise Personal Finance - Core,io.github.tonywasher.joceanus.moneywise.lethe.views,MoneyWiseAnalysisFilter.MoneyWiseAnalysisAccountFilter,42,0,0,0,8,0,6,0,6,0
MoneyWise Personal Finance - Core,io.github.tonywasher.joceanus.moneywise.lethe.views,MoneyWiseTransactionFilters,326,0,36,0,97,0,29,0,11,0
MoneyWise Personal Finance - Core,io.github.tonywasher.joceanus.moneywise.lethe.views,MoneyWiseAnalysisFilter.MoneyWiseAnalysisCashFilter,27,0,5,0,9,0,6,0,3,0
MoneyWise Personal Finance - Core,io.github.tonywasher.joceanus.moneywise.lethe.views,MoneyWiseAnalysisFilter.MoneyWiseAnalysisAllFilter,37,0,2,0,13,0,12,0,11,0
MoneyWise Personal Finance - Core,io.github.tonywasher.joceanus.moneywise.lethe.views,MoneyWiseAnalysisFilter.MoneyWiseAnalysisPayeeFilter,44,0,0,0,9,0,7,0,7,0
MoneyWise Personal Finance - Core,io.github.tonywasher.joceanus.moneywise.lethe.views,MoneyWiseAnalysisView,170,0,8,0,46,0,16,0,12,0
MoneyWise Personal Finance - Core,io.github.tonywasher.joceanus.moneywise.lethe.views,MoneyWiseAnalysisFilter.MoneyWiseAnalysisTaxBasisFilter,39,0,0,0,9,0,7,0,7,0
MoneyWise Personal Finance - Core,io.github.tonywasher.joceanus.moneywise.lethe.views,MoneyWiseAnalysisFilter.MoneyWiseAnalysisDepositFilter,33,0,6,0,10,0,7,0,3,0
MoneyWise Personal Finance - Core,io.github.tonywasher.joceanus.moneywise.lethe.views,MoneyWiseAnalysisFilter.MoneyWiseAnalysisPortfolioCashFilter,73,0,6,0,18,0,13,0,9,0
MoneyWise Personal Finance - Core,io.github.tonywasher.joceanus.moneywise.lethe.views,MoneyWiseAnalysisFilter.MoneyWiseAnalysisTagFilter,36,0,4,0,11,0,10,0,8,0
MoneyWise Personal Finance - Core,io.github.tonywasher.joceanus.moneywise.lethe.views,MoneyWiseAnalysisFilter.MoneyWiseAnalysisTransCategoryFilter,51,0,2,0,12,0,8,0,7,0
MoneyWise Personal Finance - Core,io.github.tonywasher.joceanus.moneywise.lethe.views,MoneyWiseAnalysisFilter,167,0,26,0,51,0,31,0,18,0
MoneyWise Personal Finance - Core,io.github.tonywasher.joceanus.moneywise.lethe.views,MoneyWiseAnalysisView.MoneyWiseTransactionView,148,0,4,0,38,0,4,0,2,0
MoneyWise Personal Finance - Core,io.github.tonywasher.joceanus.moneywise.lethe.views,MoneyWiseAnalysisFilter.MoneyWiseAnalysisLoanFilter,32,0,6,0,10,0,7,0,3,0
MoneyWise Personal Finance - Core,io.github.tonywasher.joceanus.moneywise.lethe.views,MoneyWiseAnalysisFilter.MoneyWiseAnalysisSecurityFilter,65,0,5,0,15,0,11,0,8,0
MoneyWise Personal Finance - Core,io.github.tonywasher.joceanus.moneywise.quicken.file,MoneyWiseQIFLine.MoneyWiseQIFPriceLine,74,0,8,0,19,0,10,0,6,0
MoneyWise Personal Finance - Core,io.github.tonywasher.joceanus.moneywise.quicken.file,MoneyWiseQIFEventCategory.MoneyWiseQIFCategoryLine,138,0,22,0,38,0,19,0,8,0
MoneyWise Personal Finance - Core,io.github.tonywasher.joceanus.moneywise.quicken.file,MoneyWiseQIFAccount,289,0,16,0,77,0,21,0,10,0
MoneyWise Personal Finance - Core,io.github.tonywasher.joceanus.moneywise.quicken.file,MoneyWiseQIFAccount.MoneyWiseQIFAccountLimitLine,9,0,0,0,4,0,3,0,3,0
MoneyWise Personal Finance - Core,io.github.tonywasher.joceanus.moneywise.quicken.file,MoneyWiseQIFPortfolioEvent.MoneyWiseQIFPortfolioQuantityLine,6,0,0,0,3,0,2,0,2,0
MoneyWise Personal Finance - Core,io.github.tonywasher.joceanus.moneywise.quicken.file,MoneyWiseQIFEventCategory.MoneyWiseQIFCategoryNameLine,9,0,0,0,4,0,3,0,3,0
MoneyWise Personal Finance - Core,io.github.tonywasher.joceanus.moneywise.quicken.file,MoneyWiseQIFPortfolioEvent.MoneyWiseQIFPortfolioSecurityLine,6,0,0,0,3,0,2,0,2,0
MoneyWise Personal Finance - Core,io.github.tonywasher.joceanus.moneywise.quicken.file,MoneyWiseQIFEvent.MoneyWiseQIFEventClearedLine,6,0,0,0,3,0,2,0,2,0
MoneyWise Personal Finance - Core,io.github.tonywasher.joceanus.moneywise.quicken.file,MoneyWiseQIFPayee,55,0,6,0,18,0,10,0,7,0
MoneyWise Personal Finance - Core,io.github.tonywasher.joceanus.moneywise.quicken.file,MoneyWiseQIFSplitEvent.MoneyWiseQIFEventSplitCategoryLine,11,0,0,0,5,0,3,0,3,0
MoneyWise Personal Finance - Core,io.github.tonywasher.joceanus.moneywise.quicken.file,MoneyWiseQIFAccount.MoneyWiseQIFAccountNameLine,9,0,0,0,4,0,3,0,3,0
MoneyWise Personal Finance - Core,io.github.tonywasher.joceanus.moneywise.quicken.file,MoneyWiseQIFParser,244,0,29,0,77,0,28,0,11,0
MoneyWise Personal Finance - Core,io.github.tonywasher.joceanus.moneywise.quicken.file,MoneyWiseQIFParentCategory,118,0,10,0,33,0,17,0,12,0
MoneyWise Personal Finance - Core,io.github.tonywasher.joceanus.moneywise.quicken.file,MoneyWiseQIFLine.MoneyWiseQIFUnitsLine,69,0,8,0,18,0,10,0,6,0
MoneyWise Personal Finance - Core,io.github.tonywasher.joceanus.moneywise.quicken.file,MoneyWiseQIFPortfolioEvent.MoneyWiseQIFPortfolioPayeeLine,6,0,0,0,3,0,2,0,2,0
MoneyWise Personal Finance - Core,io.github.tonywasher.joceanus.moneywise.quicken.file,MoneyWiseQIFAccount.MoneyWiseQIFXferAccountLine,146,0,22,0,40,0,19,0,8,0
MoneyWise Personal Finance - Core,io.github.tonywasher.joceanus.moneywise.quicken.file,MoneyWiseQIFPortfolioEvent.MoneyWiseQIFPortfolioXferAmountLine,9,0,0,0,4,0,3,0,3,0
MoneyWise Personal Finance - Core,io.github.tonywasher.joceanus.moneywise.quicken.file,MoneyWiseQIFSplitEvent.MoneyWiseQIFEventSplitAccountLine,11,0,0,0,5,0,3,0,3,0
MoneyWise Personal Finance - Core,io.github.tonywasher.joceanus.moneywise.quicken.file,MoneyWiseQIFFile,829,0,52,0,205,0,77,0,51,0
MoneyWise Personal Finance - Core,io.github.tonywasher.joceanus.moneywise.quicken.file,MoneyWiseQIFPortfolioEvent.MoneyWiseQIFPortfolioActionLine,18,0,0,0,7,0,4,0,4,0
MoneyWise Personal Finance - Core,io.github.tonywasher.joceanus.moneywise.quicken.file,MoneyWiseQIFSecurity.MoneyWiseQIFSecurityNameLine,9,0,0,0,4,0,3,0,3,0
MoneyWise Personal Finance - Core,io.github.tonywasher.joceanus.moneywise.quicken.file,MoneyWiseQIFEvent.MoneyWiseQIFEventPayeeDescLine,6,0,0,0,3,0,2,0,2,0
MoneyWise Personal Finance - Core,io.github.tonywasher.joceanus.moneywise.quicken.file,MoneyWiseQIFEvent.MoneyWiseQIFEventCategoryLine,11,0,0,0,5,0,3,0,3,0
MoneyWise Personal Finance - Core,io.github.tonywasher.joceanus.moneywise.quicken.file,MoneyWiseQIFClass.MoneyWiseQIFClassNameLine,9,0,0,0,4,0,3,0,3,0
MoneyWise Personal Finance - Core,io.github.tonywasher.joceanus.moneywise.quicken.file,MoneyWiseQIFSplitEvent,108,0,0,0,34,0,12,0,12,0
MoneyWise Personal Finance - Core,io.github.tonywasher.joceanus.moneywise.quicken.file,MoneyWiseQIFEventCategory.MoneyWiseQIFCategoryExpenseLine,10,0,0,0,5,0,4,0,4,0
MoneyWise Personal Finance - Core,io.github.tonywasher.joceanus.moneywise.quicken.file,MoneyWiseQIFSplitEvent.MoneyWiseQIFEventSplitAmountLine,9,0,0,0,4,0,3,0,3,0
MoneyWise Personal Finance - Core,io.github.tonywasher.joceanus.moneywise.quicken.file,MoneyWiseQIFLine.MoneyWiseQIFRateLine,69,0,8,0,18,0,10,0,6,0
MoneyWise Personal Finance - Core,io.github.tonywasher.joceanus.moneywise.quicken.file,MoneyWiseQIFSplitEvent.MoneyWiseQIFEventSplitPercentLine,9,0,0,0,4,0,3,0,3,0
MoneyWise Personal Finance - Core,io.github.tonywasher.joceanus.moneywise.quicken.file,MoneyWiseQIFClass,113,0,9,0,32,0,11,0,6,0
MoneyWise Personal Finance - Core,io.github.tonywasher.joceanus.moneywise.quicken.file,MoneyWiseQIFPortfolioEvent.MoneyWiseQIFPortfolioCategoryLine,11,0,0,0,5,0,3,0,3,0
MoneyWise Personal Finance - Core,io.github.tonywasher.joceanus.moneywise.quicken.file,MoneyWiseQIFWriter,404,0,20,0,121,0,18,0,8,0
MoneyWise Personal Finance - Core,io.github.tonywasher.joceanus.moneywise.quicken.file,MoneyWiseQIFAccountEvents,113,0,8,0,31,0,15,0,11,0
MoneyWise Personal Finance - Core,io.github.tonywasher.joceanus.moneywise.quicken.file,MoneyWiseQIFPrice,290,0,22,0,68,0,22,0,11,0
MoneyWise Personal Finance - Core,io.github.tonywasher.joceanus.moneywise.quicken.file,MoneyWiseQIFEvent.MoneyWiseQIFEventPayeeLine,6,0,0,0,3,0,2,0,2,0
MoneyWise Personal Finance - Core,io.github.tonywasher.joceanus.moneywise.quicken.file,MoneyWiseQIFLine.MoneyWiseQIFClearedLine,15,0,2,0,6,0,4,0,3,0
MoneyWise Personal Finance - Core,io.github.tonywasher.joceanus.moneywise.quicken.file,MoneyWiseQIFEvent,682,0,62,0,184,0,59,0,23,0
MoneyWise Personal Finance - Core,io.github.tonywasher.joceanus.moneywise.quicken.file,MoneyWiseQIFEvent.MoneyWiseQIFEventReferenceLine,9,0,0,0,4,0,3,0,3,0
MoneyWise Personal Finance - Core,io.github.tonywasher.joceanus.moneywise.quicken.file,MoneyWiseQIFEvent.MoneyWiseQIFEventAmountLine,9,0,0,0,4,0,3,0,3,0
MoneyWise Personal Finance - Core,io.github.tonywasher.joceanus.moneywise.quicken.file,MoneyWiseQIFLine,46,0,6,0,14,0,7,0,4,0
MoneyWise Personal Finance - Core,io.github.tonywasher.joceanus.moneywise.quicken.file,MoneyWiseQIFEventRecord,10,0,0,0,3,0,2,0,2,0
MoneyWise Personal Finance - Core,io.github.tonywasher.joceanus.moneywise.quicken.file,MoneyWiseQIFPortfolioEvent.MoneyWiseQIFPortfolioDateLine,6,0,0,0,3,0,2,0,2,0
MoneyWise Personal Finance - Core,io.github.tonywasher.joceanus.moneywise.quicken.file,MoneyWiseQIFLine.MoneyWiseQIFRatioLine,69,0,8,0,18,0,10,0,6,0
MoneyWise Personal Finance - Core,io.github.tonywasher.joceanus.moneywise.quicken.file,MoneyWiseQIFPortfolioEvent.MoneyWiseQIFPortfolioAmountLine,9,0,0,0,4,0,3,0,3,0
MoneyWise Personal Finance - Core,io.github.tonywasher.joceanus.moneywise.quicken.file,MoneyWiseQIFPortfolioEvent.MoneyWiseQIFPortfolioAccountLine,11,0,0,0,5,0,3,0,3,0
MoneyWise Personal Finance - Core,io.github.tonywasher.joceanus.moneywise.quicken.file,MoneyWiseQIFClass.MoneyWiseQIFClassDescLine,9,0,0,0,4,0,3,0,3,0
MoneyWise Personal Finance - Core,io.github.tonywasher.joceanus.moneywise.quicken.file,MoneyWiseQIFAccount.MoneyWiseQIFAccountTypeLine,50,0,4,0,15,0,7,0,5,0
MoneyWise Personal Finance - Core,io.github.tonywasher.joceanus.moneywise.quicken.file,MoneyWiseQIFRecord,242,0,26,0,61,0,28,0,15,0
MoneyWise Personal Finance - Core,io.github.tonywasher.joceanus.moneywise.quicken.file,MoneyWiseQIFStreamWriter,37,0,0,0,12,0,3,0,3,0
MoneyWise Personal Finance - Core,io.github.tonywasher.joceanus.moneywise.quicken.file,MoneyWiseQIFLine.MoneyWiseQIFMoneyLine,74,0,8,0,19,0,10,0,6,0
MoneyWise Personal Finance - Core,io.github.tonywasher.joceanus.moneywise.quicken.file,MoneyWiseQIFLine.MoneyWiseQIFFlagLine,66,0,10,0,16,0,10,0,5,0
MoneyWise Personal Finance - Core,io.github.tonywasher.joceanus.moneywise.quicken.file,MoneyWiseQIFLine.MoneyWiseQIFStringLine,66,0,8,0,18,0,10,0,6,0
MoneyWise Personal Finance - Core,io.github.tonywasher.joceanus.moneywise.quicken.file,MoneyWiseQIFPortfolioEvent,446,0,29,0,119,0,40,0,20,0
MoneyWise Personal Finance - Core,io.github.tonywasher.joceanus.moneywise.quicken.file,MoneyWiseQIFParser.MoneyWiseQIFSection,78,0,4,0,14,0,5,0,3,0
MoneyWise Personal Finance - Core,io.github.tonywasher.joceanus.moneywise.quicken.file,MoneyWiseQIFSecurity.MoneyWiseQIFSecurityTypeLine,50,0,4,0,17,0,7,0,5,0
MoneyWise Personal Finance - Core,io.github.tonywasher.joceanus.moneywise.quicken.file,MoneyWiseQIFPayee.MoneyWiseQIFPayeeLine,68,0,8,0,18,0,10,0,6,0
MoneyWise Personal Finance - Core,io.github.tonywasher.joceanus.moneywise.quicken.file,MoneyWiseQIFSplitEvent.MoneyWiseQIFEventSplitCommentLine,9,0,0,0,4,0,3,0,3,0
MoneyWise Personal Finance - Core,io.github.tonywasher.joceanus.moneywise.quicken.file,MoneyWiseQIFSecurityPrices,127,0,10,0,33,0,16,0,11,0
MoneyWise Personal Finance - Core,io.github.tonywasher.joceanus.moneywise.quicken.file,MoneyWiseQIFAccount.MoneyWiseQIFAccountDescLine,9,0,0,0,4,0,3,0,3,0
MoneyWise Personal Finance - Core,io.github.tonywasher.joceanus.moneywise.quicken.file,MoneyWiseQIFEvent.MoneyWiseQIFEventCommentLine,9,0,0,0,4,0,3,0,3,0
MoneyWise Personal Finance - Core,io.github.tonywasher.joceanus.moneywise.quicken.file,MoneyWiseQIFPortfolioEvent.MoneyWiseQIFPortfolioClearedLine,6,0,0,0,3,0,2,0,2,0
MoneyWise Personal Finance - Core,io.github.tonywasher.joceanus.moneywise.quicken.file,MoneyWiseQIFPortfolioEvent.MoneyWiseQIFPortfolioCommissionLine,9,0,0,0,4,0,3,0,3,0
MoneyWise Personal Finance - Core,io.github.tonywasher.joceanus.moneywise.quicken.file,MoneyWiseQIFPortfolioBuilder,2576,0,154,0,661,0,111,0,30,0
MoneyWise Personal Finance - Core,io.github.tonywasher.joceanus.moneywise.quicken.file,MoneyWiseQIFSecurity.MoneyWiseQIFSecurityLine,68,0,8,0,18,0,10,0,6,0
MoneyWise Personal Finance - Core,io.github.tonywasher.joceanus.moneywise.quicken.file,MoneyWiseQIFSecurity,178,0,8,0,49,0,13,0,8,0
MoneyWise Personal Finance - Core,io.github.tonywasher.joceanus.moneywise.quicken.file,MoneyWiseQIFSecurity.MoneyWiseQIFSecuritySymbolLine,9,0,0,0,4,0,3,0,3,0
MoneyWise Personal Finance - Core,io.github.tonywasher.joceanus.moneywise.quicken.file,MoneyWiseQIFEventCategory.MoneyWiseQIFCategoryTaxLine,10,0,0,0,5,0,4,0,4,0
MoneyWise Personal Finance - Core,io.github.tonywasher.joceanus.moneywise.quicken.file,MoneyWiseQIFEventCategory.MoneyWiseQIFCategoryDescLine,9,0,0,0,4,0,3,0,3,0
MoneyWise Personal Finance - Core,io.github.tonywasher.joceanus.moneywise.quicken.file,MoneyWiseQIFPortfolioEvent.MoneyWiseQIFPortfolioSplitRatioLine,6,0,0,0,3,0,2,0,2,0
MoneyWise Personal Finance - Core,io.github.tonywasher.joceanus.moneywise.quicken.file,MoneyWiseQIFPortfolioEvent.MoneyWiseQIFPortfolioPayeeDescLine,6,0,0,0,3,0,2,0,2,0
MoneyWise Personal Finance - Core,io.github.tonywasher.joceanus.moneywise.quicken.file,MoneyWiseQIFEvent.MoneyWiseQIFEventAccountLine,11,0,0,0,5,0,3,0,3,0
MoneyWise Personal Finance - Core,io.github.tonywasher.joceanus.moneywise.quicken.file,MoneyWiseQIFPortfolioEvent.MoneyWiseQIFPortfolioCategoryAccountLine,13,0,0,0,5,0,3,0,3,0
MoneyWise Personal Finance - Core,io.github.tonywasher.joceanus.moneywise.quicken.file,MoneyWiseQIFPortfolioEvent.MoneyWiseQIFPortfolioCommentLine,9,0,0,0,4,0,3,0,3,0
MoneyWise Personal Finance - Core,io.github.tonywasher.joceanus.moneywise.quicken.file,MoneyWiseQIFEventCategory.MoneyWiseQIFCategoryAccountLine,172,0,24,0,45,0,20,0,8,0
MoneyWise Personal Finance - Core,io.github.tonywasher.joceanus.moneywise.quicken.file,MoneyWiseQIFBuilder,1563,0,105,0,365,0,78,0,24,0
MoneyWise Personal Finance - Core,io.github.tonywasher.joceanus.moneywise.quicken.file,MoneyWiseQIFLine.MoneyWiseQIFDateLine,69,0,8,0,18,0,10,0,6,0
MoneyWise Personal Finance - Core,io.github.tonywasher.joceanus.moneywise.quicken.file,MoneyWiseQIFEventCategory,155,0,15,0,44,0,17,0,8,0
MoneyWise Personal Finance - Core,io.github.tonywasher.joceanus.moneywise.quicken.file,MoneyWiseQIFEvent.MoneyWiseQIFEventDateLine,6,0,0,0,3,0,2,0,2,0
MoneyWise Personal Finance - Core,io.github.tonywasher.joceanus.moneywise.quicken.file,MoneyWiseQIFEventCategory.MoneyWiseQIFCategoryIncomeLine,10,0,0,0,5,0,4,0,4,0
MoneyWise Personal Finance - Core,io.github.tonywasher.joceanus.moneywise.quicken.file,MoneyWiseQIFPortfolioEvent.MoneyWiseQIFPortfolioPriceLine,6,0,0,0,3,0,2,0,2,0
MoneyWise Personal Finance - Core,io.github.tonywasher.joceanus.moneywise.atlas.data.analysis.values,MoneyWiseXAnalysisPayeeAttr,6,44,2,4,2,12,3,6,1,4
MoneyWise Personal Finance - Core,io.github.tonywasher.joceanus.moneywise.atlas.data.analysis.values,MoneyWiseXAnalysisAccountAttr,15,73,5,10,6,20,5,11,1,4
MoneyWise Personal Finance - Core,io.github.tonywasher.joceanus.moneywise.atlas.data.analysis.values,MoneyWiseXAnalysisAccountValues,0,39,1,3,0,10,1,5,0,4
MoneyWise Personal Finance - Core,io.github.tonywasher.joceanus.moneywise.atlas.data.analysis.values,MoneyWiseXAnalysisTransValues,59,48,4,0,14,13,5,4,3,4
MoneyWise Personal Finance - Core,io.github.tonywasher.joceanus.moneywise.atlas.data.analysis.values,MoneyWiseXAnalysisSecurityValues,66,93,1,3,18,18,5,6,4,5
MoneyWise Personal Finance - Core,io.github.tonywasher.joceanus.moneywise.atlas.data.analysis.values,MoneyWiseXAnalysisTransAttr,6,44,2,4,2,12,3,6,1,4
MoneyWise Personal Finance - Core,io.github.tonywasher.joceanus.moneywise.atlas.data.analysis.values,MoneyWiseXAnalysisTaxBasisValues,68,34,6,0,15,8,6,3,3,3
MoneyWise Personal Finance - Core,io.github.tonywasher.joceanus.moneywise.atlas.data.analysis.values,MoneyWiseXAnalysisSecurityAttr,19,233,7,30,8,60,7,31,1,4
MoneyWise Personal Finance - Core,io.github.tonywasher.joceanus.moneywise.atlas.data.analysis.values,MoneyWiseXAnalysisValuesResource,3,289,0,2,1,49,1,7,1,6
MoneyWise Personal Finance - Core,io.github.tonywasher.joceanus.moneywise.atlas.data.analysis.values,MoneyWiseXAnalysisPayeeValues,59,48,4,0,14,13,5,4,3,4
MoneyWise Personal Finance - Core,io.github.tonywasher.joceanus.moneywise.atlas.data.analysis.values,MoneyWiseXAnalysisTaxBasisAttr,6,44,2,4,2,12,3,6,1,4
MoneyWise Personal Finance - Core,io.github.tonywasher.joceanus.moneywise.lethe.ui.panel,MoneyWiseUITransactionTable.AnalysisHeader,11,0,0,0,4,0,1,0,1,0
MoneyWise Personal Finance - Core,io.github.tonywasher.joceanus.moneywise.lethe.ui.panel,MoneyWiseUITransactionTable.MoneyWiseStatementPanel,243,0,6,0,53,0,19,0,16,0
MoneyWise Personal Finance - Core,io.github.tonywasher.joceanus.moneywise.lethe.ui.panel,MoneyWiseUIReportTab,422,0,10,0,99,0,22,0,17,0
MoneyWise Personal Finance - Core,io.github.tonywasher.joceanus.moneywise.lethe.ui.panel,MoneyWiseUITransactionTable,1805,0,117,0,401,0,142,0,81,0
MoneyWise Personal Finance - Core,io.github.tonywasher.joceanus.moneywise.lethe.ui.panel,MoneyWiseUITransactionTable.MoneyWiseTransDataId,39,0,0,0,9,0,4,0,4,0
MoneyWise Personal Finance - Core,io.github.tonywasher.joceanus.moneywise.sheets,MoneyWiseSheetPortfolioInfo,4,29,0,0,1,9,1,3,1,3
MoneyWise Personal Finance - Core,io.github.tonywasher.joceanus.moneywise.sheets,MoneyWiseSheetCashCategory,0,85,0,0,0,22,0,6,0,6
MoneyWise Personal Finance - Core,io.github.tonywasher.joceanus.moneywise.sheets,MoneyWiseSheetPayeeType,0,33,0,0,0,10,0,4,0,4
MoneyWise Personal Finance - Core,io.github.tonywasher.joceanus.moneywise.sheets,MoneyWiseSheetLoanCategory,0,85,0,0,0,22,0,6,0,6
MoneyWise Personal Finance - Core,io.github.tonywasher.joceanus.moneywise.sheets,MoneyWiseSheetDeposit,0,107,0,0,0,26,0,6,0,6
MoneyWise Personal Finance - Core,io.github.tonywasher.joceanus.moneywise.sheets,MoneyWiseSheet,0,14,0,0,0,4,0,3,0,3
MoneyWise Personal Finance - Core,io.github.tonywasher.joceanus.moneywise.sheets,MoneyWiseWriter,12,229,2,38,2,43,2,38,0,4
MoneyWise Personal Finance - Core,io.github.tonywasher.joceanus.moneywise.sheets,MoneyWiseSheetDepositCategory,0,85,0,0,0,22,0,6,0,6
MoneyWise Personal Finance - Core,io.github.tonywasher.joceanus.moneywise.sheets,MoneyWiseSheetPortfolioType,0,33,0,0,0,10,0,4,0,4
MoneyWise Personal Finance - Core,io.github.tonywasher.joceanus.moneywise.sheets,MoneyWiseSheetLoanCategoryType,0,33,0,0,0,10,0,4,0,4
MoneyWise Personal Finance - Core,io.github.tonywasher.joceanus.moneywise.sheets,MoneyWiseSheetAccountInfoType,0,33,0,0,0,10,0,4,0,4
MoneyWise Personal Finance - Core,io.github.tonywasher.joceanus.moneywise.sheets,MoneyWiseSheetCashInfo,0,33,0,0,0,10,0,4,0,4
MoneyWise Personal Finance - Core,io.github.tonywasher.joceanus.moneywise.sheets,MoneyWiseSheetPayee,0,85,0,0,0,22,0,6,0,6
MoneyWise Personal Finance - Core,io.github.tonywasher.joceanus.moneywise.sheets,MoneyWiseSheetSecurityType,0,33,0,0,0,10,0,4,0,4
MoneyWise Personal Finance - Core,io.github.tonywasher.joceanus.moneywise.sheets,MoneyWiseSheetTransInfoType,0,33,0,0,0,10,0,4,0,4
MoneyWise Personal Finance - Core,io.github.tonywasher.joceanus.moneywise.sheets,MoneyWiseSheetExchangeRate,0,85,0,0,0,22,0,6,0,6
MoneyWise Personal Finance - Core,io.github.tonywasher.joceanus.moneywise.sheets,MoneyWiseSheetTransCategoryType,0,33,0,0,0,10,0,4,0,4
MoneyWise Personal Finance - Core,io.github.tonywasher.joceanus.moneywise.sheets,MoneyWiseSheetPortfolio,0,113,0,0,0,27,0,6,0,6
MoneyWise Personal Finance - Core,io.github.tonywasher.joceanus.moneywise.sheets,MoneyWiseSheetTaxBasis,0,33,0,0,0,10,0,4,0,4
MoneyWise Personal Finance - Core,io.github.tonywasher.joceanus.moneywise.sheets,MoneyWiseSheetRegion,0,63,0,0,0,18,0,6,0,6
MoneyWise Personal Finance - Core,io.github.tonywasher.joceanus.moneywise.sheets,MoneyWiseSheetSecurity,0,107,0,0,0,26,0,6,0,6
MoneyWise Personal Finance - Core,io.github.tonywasher.joceanus.moneywise.sheets,MoneyWiseSheetLoanInfo,0,33,0,0,0,10,0,4,0,4
MoneyWise Personal Finance - Core,io.github.tonywasher.joceanus.moneywise.sheets,MoneyWiseSheetDepositCategoryType,0,33,0,0,0,10,0,4,0,4
MoneyWise Personal Finance - Core,io.github.tonywasher.joceanus.moneywise.sheets,MoneyWiseReader,12,230,2,38,2,43,2,38,0,4
MoneyWise Personal Finance - Core,io.github.tonywasher.joceanus.moneywise.sheets,MoneyWiseSheetTransTag,0,63,0,0,0,18,0,6,0,6
MoneyWise Personal Finance - Core,io.github.tonywasher.joceanus.moneywise.sheets,MoneyWiseSheetTransCategory,0,82,0,0,0,21,0,5,0,5
MoneyWise Personal Finance - Core,io.github.tonywasher.joceanus.moneywise.sheets,MoneyWiseSheetDepositRate,54,31,0,0,12,10,2,4,2,4
MoneyWise Personal Finance - Core,io.github.tonywasher.joceanus.moneywise.sheets,MoneyWiseSheetDepositInfo,0,33,0,0,0,10,0,4,0,4
MoneyWise Personal Finance - Core,io.github.tonywasher.joceanus.moneywise.sheets,MoneyWiseSheetCurrency,0,52,0,0,0,16,0,6,0,6
MoneyWise Personal Finance - Core,io.github.tonywasher.joceanus.moneywise.sheets,MoneyWiseSheetTransInfo,0,33,0,0,0,10,0,4,0,4
MoneyWise Personal Finance - Core,io.github.tonywasher.joceanus.moneywise.sheets,MoneyWiseSheetCash,0,96,0,0,0,24,0,6,0,6
MoneyWise Personal Finance - Core,io.github.tonywasher.joceanus.moneywise.sheets,MoneyWiseSheetSecurityInfo,0,33,0,0,0,10,0,4,0,4
MoneyWise Personal Finance - Core,io.github.tonywasher.joceanus.moneywise.sheets,MoneyWiseSheetTransaction,0,120,0,0,0,28,0,6,0,6
MoneyWise Personal Finance - Core,io.github.tonywasher.joceanus.moneywise.sheets,MoneyWiseSheetCashCategoryType,0,33,0,0,0,10,0,4,0,4
MoneyWise Personal Finance - Core,io.github.tonywasher.joceanus.moneywise.sheets,MoneyWiseSheetPayeeInfo,4,29,0,0,1,9,1,3,1,3
MoneyWise Personal Finance - Core,io.github.tonywasher.joceanus.moneywise.sheets,MoneyWiseSheetLoan,0,107,0,0,0,26,0,6,0,6
MoneyWise Personal Finance - Core,io.github.tonywasher.joceanus.moneywise.sheets,MoneyWiseSheetSecurityPrice,0,74,0,0,0,20,0,6,0,6
MoneyWise Personal Finance - Core,io.github.tonywasher.joceanus.moneywise.data.builder,MoneyWiseCashBuilder,8,163,1,1,2,46,1,14,0,14
MoneyWise Personal Finance - Core,io.github.tonywasher.joceanus.moneywise.data.builder,MoneyWiseLoanCategoryBuilder,8,100,1,3,2,28,1,8,0,7
MoneyWise Personal Finance - Core,io.github.tonywasher.joceanus.moneywise.data.builder,MoneyWiseTransactionBuilder,126,450,7,13,32,117,21,33,16,28
MoneyWise Personal Finance - Core,io.github.tonywasher.joceanus.moneywise.data.builder,MoneyWiseSecurityBuilder,31,148,1,1,9,45,5,13,4,13
MoneyWise Personal Finance - Core,io.github.tonywasher.joceanus.moneywise.data.builder,MoneyWiseDepositRateBuilder,118,0,2,0,34,0,12,0,11,0
MoneyWise Personal Finance - Core,io.github.tonywasher.joceanus.moneywise.data.builder,MoneyWiseRegionBuilder,14,39,1,1,3,15,2,4,1,4
MoneyWise Personal Finance - Core,io.github.tonywasher.joceanus.moneywise.data.builder,MoneyWiseTransCategoryBuilder,8,105,1,3,2,30,1,9,0,8
MoneyWise Personal Finance - Core,io.github.tonywasher.joceanus.moneywise.data.builder,MoneyWisePortfolioBuilder,17,106,1,1,3,34,2,11,1,11
MoneyWise Personal Finance - Core,io.github.tonywasher.joceanus.moneywise.data.builder,MoneyWisePayeeBuilder,8,63,1,1,2,21,1,6,0,6
MoneyWise Personal Finance - Core,io.github.tonywasher.joceanus.moneywise.data.builder,MoneyWiseDepositCategoryBuilder,8,100,1,3,2,28,1,8,0,7
MoneyWise Personal Finance - Core,io.github.tonywasher.joceanus.moneywise.data.builder,MoneyWiseCashCategoryBuilder,8,100,1,3,2,28,1,8,0,7
MoneyWise Personal Finance - Core,io.github.tonywasher.joceanus.moneywise.data.builder,MoneyWiseXchgRateBuilder,13,97,1,1,4,28,2,9,1,9
MoneyWise Personal Finance - Core,io.github.tonywasher.joceanus.moneywise.data.builder,MoneyWiseStaticBuilder,81,368,0,20,12,86,12,25,12,15
MoneyWise Personal Finance - Core,io.github.tonywasher.joceanus.moneywise.data.builder,MoneyWiseDepositBuilder,8,143,1,1,2,41,1,14,0,14
MoneyWise Personal Finance - Core,io.github.tonywasher.joceanus.moneywise.data.builder,MoneyWiseTagBuilder,8,39,1,1,2,15,1,4,0,4
MoneyWise Personal Finance - Core,io.github.tonywasher.joceanus.moneywise.data.builder,MoneyWiseSecurityPriceBuilder,8,95,1,1,2,27,1,9,0,9
MoneyWise Personal Finance - Core,io.github.tonywasher.joceanus.moneywise.data.builder,MoneyWiseLoanBuilder,17,134,1,1,3,40,2,13,1,13
MoneyWise Personal Finance - Core,io.github.tonywasher.joceanus.moneywise.data.statics,MoneyWiseCurrency.MoneyWiseCurrencyDataMap,10,50,1,3,3,16,3,6,2,5
MoneyWise Personal Finance - Core,io.github.tonywasher.joceanus.moneywise.data.statics,MoneyWiseCashCategoryClass,36,72,6,6,5,19,5,11,1,8
MoneyWise Personal Finance - Core,io.github.tonywasher.joceanus.moneywise.data.statics,MoneyWiseCurrency,50,155,7,8,16,44,7,18,2,15
MoneyWise Personal Finance - Core,io.github.tonywasher.joceanus.moneywise.data.statics,MoneyWiseDepositCategoryClass,49,141,12,16,9,37,11,21,2,13
MoneyWise Personal Finance - Core,io.github.tonywasher.joceanus.moneywise.data.statics,MoneyWiseCashCategoryType.MoneyWiseCashCategoryTypeList,60,81,5,3,14,23,8,10,4,10
MoneyWise Personal Finance - Core,io.github.tonywasher.joceanus.moneywise.data.statics,MoneyWiseStaticDataType,8,229,2,26,2,52,2,34,0,12
MoneyWise Personal Finance - Core,io.github.tonywasher.joceanus.moneywise.data.statics,MoneyWiseLoanCategoryType.MoneyWiseLoanCategoryTypeList,60,81,5,3,14,23,8,10,4,10
MoneyWise Personal Finance - Core,io.github.tonywasher.joceanus.moneywise.data.statics,MoneyWiseDepositCategoryType.MoneyWiseDepositCategoryTypeList,60,81,5,3,14,23,8,10,4,10
MoneyWise Personal Finance - Core,io.github.tonywasher.joceanus.moneywise.data.statics,MoneyWiseTransCategoryType.MoneyWiseTransCategoryTypeList,60,81,5,3,14,23,8,10,4,10
MoneyWise Personal Finance - Core,io.github.tonywasher.joceanus.moneywise.data.statics,MoneyWiseAccountInfoType.MoneyWiseAccountInfoTypeList,60,81,5,3,14,23,8,10,4,10
MoneyWise Personal Finance - Core,io.github.tonywasher.joceanus.moneywise.data.statics,MoneyWisePayeeClass,70,171,21,22,16,43,19,24,3,13
MoneyWise Personal Finance - Core,io.github.tonywasher.joceanus.moneywise.data.statics,MoneyWisePortfolioType,5,39,0,0,2,13,1,8,1,8
MoneyWise Personal Finance - Core,io.github.tonywasher.joceanus.moneywise.data.statics,MoneyWiseTransInfoType.MoneyWiseTransInfoTypeList,60,81,5,3,14,23,8,10,4,10
MoneyWise Personal Finance - Core,io.github.tonywasher.joceanus.moneywise.data.statics,MoneyWisePortfolioClass,48,92,9,10,11,22,8,15,3,9
MoneyWise Personal Finance - Core,io.github.tonywasher.joceanus.moneywise.data.statics,MoneyWisePayeeType.MoneyWisePayeeTypeList,82,81,11,3,21,23,12,10,5,10
MoneyWise Personal Finance - Core,io.github.tonywasher.joceanus.moneywise.data.statics,MoneyWiseTransInfoClass,45,258,9,23,10,53,8,29,2,10
MoneyWise Personal Finance - Core,io.github.tonywasher.joceanus.moneywise.data.statics,MoneyWiseStaticResource,3,1407,0,2,1,207,1,7,1,6
MoneyWise Personal Finance - Core,io.github.tonywasher.joceanus.moneywise.data.statics,MoneyWiseTaxBasis,12,39,0,0,4,13,3,8,3,8
MoneyWise Personal Finance - Core,io.github.tonywasher.joceanus.moneywise.data.statics,MoneyWiseTransCategoryClass,83,772,20,94,26,164,19,95,8,17
MoneyWise Personal Finance - Core,io.github.tonywasher.joceanus.moneywise.data.statics,MoneyWiseAccountInfoClass,41,236,9,21,9,50,8,28,1,11
MoneyWise Personal Finance - Core,io.github.tonywasher.joceanus.moneywise.data.statics,MoneyWiseDepositCategoryType,10,39,0,0,3,13,2,8,2,8
MoneyWise Personal Finance - Core,io.github.tonywasher.joceanus.moneywise.data.statics,MoneyWiseTransInfoType,9,43,0,0,3,14,2,9,2,9
MoneyWise Personal Finance - Core,io.github.tonywasher.joceanus.moneywise.data.statics,MoneyWiseLoanCategoryType,10,39,0,0,3,13,2,8,2,8
MoneyWise Personal Finance - Core,io.github.tonywasher.joceanus.moneywise.data.statics,MoneyWiseLoanCategoryClass,38,94,8,9,6,24,7,14,1,10
MoneyWise Personal Finance - Core,io.github.tonywasher.joceanus.moneywise.data.statics,MoneyWiseTransCategoryType,16,39,4,0,3,13,4,8,2,8
MoneyWise Personal Finance - Core,io.github.tonywasher.joceanus.moneywise.data.statics,MoneyWiseAccountInfoType,9,43,0,0,3,14,2,9,2,9
MoneyWise Personal Finance - Core,io.github.tonywasher.joceanus.moneywise.data.statics,MoneyWiseCurrencyClass,40,1366,6,0,8,177,5,5,2,5
MoneyWise Personal Finance - Core,io.github.tonywasher.joceanus.moneywise.data.statics,MoneyWiseCashCategoryType,10,39,0,0,3,13,2,8,2,8
MoneyWise Personal Finance - Core,io.github.tonywasher.joceanus.moneywise.data.statics,MoneyWiseTaxClass,34,229,5,24,5,53,4,28,1,8
MoneyWise Personal Finance - Core,io.github.tonywasher.joceanus.moneywise.data.statics,MoneyWiseSecurityType.MoneyWiseSecurityTypeList,60,81,5,3,14,23,8,10,4,10
MoneyWise Personal Finance - Core,io.github.tonywasher.joceanus.moneywise.data.statics,MoneyWisePortfolioType.MoneyWisePortfolioTypeList,60,81,5,3,14,23,8,10,4,10
MoneyWise Personal Finance - Core,io.github.tonywasher.joceanus.moneywise.data.statics,MoneyWiseSecurityType,5,39,0,0,2,13,1,8,1,8
MoneyWise Personal Finance - Core,io.github.tonywasher.joceanus.moneywise.data.statics,MoneyWiseTaxBasis.MoneyWiseTaxBasisList,60,81,5,3,14,23,8,10,4,10
MoneyWise Personal Finance - Core,io.github.tonywasher.joceanus.moneywise.data.statics,MoneyWisePayeeType,5,39,0,0,2,13,1,8,1,8
MoneyWise Personal Finance - Core,io.github.tonywasher.joceanus.moneywise.data.statics,MoneyWiseCurrency.MoneyWiseCurrencyList,115,99,13,5,35,29,16,14,8,13
MoneyWise Personal Finance - Core,io.github.tonywasher.joceanus.moneywise.data.statics,MoneyWiseSecurityClass,101,207,28,25,30,51,27,30,8,16
MoneyWise Personal Finance - Core,io.github.tonywasher.joceanus.moneywise.atlas.ui.panel,MoneyWiseUIXEventTable.MoneyWiseTransDataId,39,0,0,0,9,0,4,0,4,0
MoneyWise Personal Finance - Core,io.github.tonywasher.joceanus.moneywise.atlas.ui.panel,MoneyWiseUIXEventTable.AnalysisHeader,11,0,0,0,4,0,1,0,1,0
MoneyWise Personal Finance - Core,io.github.tonywasher.joceanus.moneywise.atlas.ui.panel,MoneyWiseUIXEventTable,1760,0,115,0,391,0,140,0,80,0
MoneyWise Personal Finance - Core,io.github.tonywasher.joceanus.moneywise.atlas.ui.panel,MoneyWiseUIXReportTab,424,0,10,0,99,0,22,0,17,0
MoneyWise Personal Finance - Core,io.github.tonywasher.joceanus.moneywise.atlas.ui.panel,MoneyWiseUIXEventTable.MoneyWiseXStatementPanel,244,0,6,0,53,0,19,0,16,0
MoneyWise Personal Finance - Core,io.github.tonywasher.joceanus.moneywise.data.basic,MoneyWiseSecurityPrice.MoneyWiseSecurityPriceDataMap,162,104,25,3,44,28,22,6,8,6
MoneyWise Personal Finance - Core,io.github.tonywasher.joceanus.moneywise.data.basic,MoneyWisePortfolioInfo,141,10,4,0,39,3,16,1,14,1
MoneyWise Personal Finance - Core,io.github.tonywasher.joceanus.moneywise.data.basic,MoneyWiseRegion,106,159,10,10,28,46,18,20,11,17
MoneyWise Personal Finance - Core,io.github.tonywasher.joceanus.moneywise.data.basic,MoneyWiseDepositInfoSet,13,71,1,5,4,22,4,10,3,8
MoneyWise Personal Finance - Core,io.github.tonywasher.joceanus.moneywise.data.basic,MoneyWiseDepositInfo,52,99,4,0,15,27,5,12,3,12
MoneyWise Personal Finance - Core,io.github.tonywasher.joceanus.moneywise.data.basic,MoneyWiseDepositRate.MoneyWiseDepositRateDataMap.MoneyWiseRateList,40,0,0,0,13,0,6,0,6,0
MoneyWise Personal Finance - Core,io.github.tonywasher.joceanus.moneywise.data.basic,MoneyWiseSecurityPrice.MoneyWiseSecurityPriceBaseList,0,23,0,0,0,8,0,5,0,5
MoneyWise Personal Finance - Core,io.github.tonywasher.joceanus.moneywise.data.basic,MoneyWiseAssetBase.MoneyWiseAssetBaseList,7,40,0,2,4,16,1,8,1,7
MoneyWise Personal Finance - Core,io.github.tonywasher.joceanus.moneywise.data.basic,MoneyWiseDeposit.MoneyWiseDepositDataMap,13,43,0,2,4,14,4,7,4,6
MoneyWise Personal Finance - Core,io.github.tonywasher.joceanus.moneywise.data.basic,MoneyWisePayeeInfoSet,23,58,3,3,7,18,6,8,3,8
MoneyWise Personal Finance - Core,io.github.tonywasher.joceanus.moneywise.data.basic,MoneyWiseDepositInfo.MoneyWiseDepositInfoList,101,88,8,2,27,26,10,9,5,9
MoneyWise Personal Finance - Core,io.github.tonywasher.joceanus.moneywise.data.basic,MoneyWiseTransCategory.MoneyWiseTransCategoryDataMap,21,98,1,3,5,25,5,7,4,6
MoneyWise Personal Finance - Core,io.github.tonywasher.joceanus.moneywise.data.basic,MoneyWiseCashInfo.MoneyWiseCashInfoList,120,88,12,2,34,26,13,9,6,9
MoneyWise Personal Finance - Core,io.github.tonywasher.joceanus.moneywise.data.basic,MoneyWisePayeeInfo.MoneyWisePayeeInfoList,148,41,10,0,38,15,13,6,8,6
MoneyWise Personal Finance - Core,io.github.tonywasher.joceanus.moneywise.data.basic,MoneyWiseLoanCategory,36,148,6,10,10,43,6,21,2,17
MoneyWise Personal Finance - Core,io.github.tonywasher.joceanus.moneywise.data.basic,MoneyWiseLoan.MoneyWiseLoanDataMap,14,42,1,1,5,13,5,6,4,6
MoneyWise Personal Finance - Core,io.github.tonywasher.joceanus.moneywise.data.basic,MoneyWiseCategoryBase.MoneyWiseCategoryBaseList,29,80,5,9,11,27,5,11,1,8
MoneyWise Personal Finance - Core,io.github.tonywasher.joceanus.moneywise.data.basic,MoneyWiseBasicResource,3,1146,0,2,1,172,1,8,1,7
MoneyWise Personal Finance - Core,io.github.tonywasher.joceanus.moneywise.data.basic,MoneyWiseTransBase.MoneyWiseTransBaseList,0,19,0,0,0,7,0,4,0,4
MoneyWise Personal Finance - Core,io.github.tonywasher.joceanus.moneywise.data.basic,MoneyWiseCategoryBase.MoneyWiseCategoryDataMap,4,22,0,0,1,6,1,4,1,4
MoneyWise Personal Finance - Core,io.github.tonywasher.joceanus.moneywise.data.basic,MoneyWiseTransBase,427,717,77,69,103,189,62,73,16,46
MoneyWise Personal Finance - Core,io.github.tonywasher.joceanus.moneywise.data.basic,MoneyWiseCashInfo,98,203,13,15,28,54,12,24,5,16
MoneyWise Personal Finance - Core,io.github.tonywasher.joceanus.moneywise.data.basic,MoneyWisePortfolioInfoSet,23,58,3,3,7,18,6,8,3,8
MoneyWise Personal Finance - Core,io.github.tonywasher.joceanus.moneywise.data.basic,MoneyWiseDepositRate.MoneyWiseDepositRateDataMap,143,34,18,0,38,11,18,3,9,3
MoneyWise Personal Finance - Core,io.github.tonywasher.joceanus.moneywise.data.basic,MoneyWiseSecurityPrice,140,309,16,20,37,89,18,35,7,28
MoneyWise Personal Finance - Core,io.github.tonywasher.joceanus.moneywise.data.basic,MoneyWiseDepositCategory,37,147,7,9,10,43,7,20,2,17
MoneyWise Personal Finance - Core,io.github.tonywasher.joceanus.moneywise.data.basic,MoneyWiseCashCategory,37,147,7,9,10,43,7,20,2,17
MoneyWise Personal Finance - Core,io.github.tonywasher.joceanus.moneywise.data.basic,MoneyWiseLoanInfoSet,13,68,1,5,4,21,4,10,3,8
MoneyWise Personal Finance - Core,io.github.tonywasher.joceanus.moneywise.data.basic,MoneyWiseSecurity.MoneyWiseSecurityDataMap,47,168,2,6,10,41,10,11,8,9
MoneyWise Personal Finance - Core,io.github.tonywasher.joceanus.moneywise.data.basic,MoneyWisePortfolioInfo.MoneyWisePortfolioInfoList,148,41,10,0,38,15,13,6,8,6
MoneyWise Personal Finance - Core,io.github.tonywasher.joceanus.moneywise.data.basic,MoneyWiseLoan.MoneyWiseLoanList,28,237,4,14,6,65,6,23,2,18
MoneyWise Personal Finance - Core,io.github.tonywasher.joceanus.moneywise.data.basic,MoneyWisePayee.MoneyWisePayeeDataMap,26,129,1,5,6,33,6,11,5,9
MoneyWise Personal Finance - Core,io.github.tonywasher.joceanus.moneywise.data.basic,MoneyWiseExchangeRate.MoneyWiseExchangeRateDataMap,145,104,25,3,42,28,22,6,8,6
MoneyWise Personal Finance - Core,io.github.tonywasher.joceanus.moneywise.data.basic,MoneyWiseDepositRate,543,29,54,0,147,8,70,1,43,1
MoneyWise Personal Finance - Core,io.github.tonywasher.joceanus.moneywise.data.basic,MoneyWiseExchangeRate.MoneyWiseExchangeRateList,148,77,16,2,41,23,14,9,5,9
MoneyWise Personal Finance - Core,io.github.tonywasher.joceanus.moneywise.data.basic,MoneyWiseDeposit,262,454,50,50,83,116,56,48,22,31
MoneyWise Personal Finance - Core,io.github.tonywasher.joceanus.moneywise.data.basic,MoneyWiseRegion.MoneyWiseRegionDataMap,9,16,0,0,2,5,2,3,2,3
MoneyWise Personal Finance - Core,io.github.tonywasher.joceanus.moneywise.data.basic,MoneyWiseTransCategory,58,160,15,13,14,46,13,23,4,18
MoneyWise Personal Finance - Core,io.github.tonywasher.joceanus.moneywise.data.basic,MoneyWiseCash.MoneyWiseCashList,28,237,4,14,6,65,6,23,2,18
MoneyWise Personal Finance - Core,io.github.tonywasher.joceanus.moneywise.data.basic,MoneyWiseSecurity.MoneyWiseSecurityList,36,227,6,14,7,64,8,24,3,19
MoneyWise Personal Finance - Core,io.github.tonywasher.joceanus.moneywise.data.basic,MoneyWiseCashCategory.MoneyWiseCashCategoryList,17,122,3,5,5,37,4,12,1,11
MoneyWise Personal Finance - Core,io.github.tonywasher.joceanus.moneywise.data.basic,MoneyWiseCategoryBase,131,387,21,39,38,114,26,46,11,31
MoneyWise Personal Finance - Core,io.github.tonywasher.joceanus.moneywise.data.basic,MoneyWiseTransTag.MoneyWiseTagDataMap,9,16,0,0,2,5,2,3,2,3
MoneyWise Personal Finance - Core,io.github.tonywasher.joceanus.moneywise.data.basic,MoneyWiseSecurityHolding,100,167,20,8,25,43,19,25,8,22
MoneyWise Personal Finance - Core,io.github.tonywasher.joceanus.moneywise.data.basic,MoneyWiseTransTag,106,159,10,10,28,46,18,20,11,17
MoneyWise Personal Finance - Core,io.github.tonywasher.joceanus.moneywise.data.basic,MoneyWiseSecurityPrice.MoneyWiseSecurityPriceDataMap.MoneyWiseSecurityPriceList,17,23,0,0,5,8,3,3,3,3
MoneyWise Personal Finance - Core,io.github.tonywasher.joceanus.moneywise.data.basic,MoneyWiseLoanCategory.MoneyWiseLoanCategoryList,17,122,3,5,5,37,4,12,1,11
MoneyWise Personal Finance - Core,io.github.tonywasher.joceanus.moneywise.data.basic,MoneyWiseExchangeRate.MoneyWiseExchangeRateBaseList,0,23,0,0,0,8,0,5,0,5
MoneyWise Personal Finance - Core,io.github.tonywasher.joceanus.moneywise.data.basic,MoneyWisePayee.MoneyWisePayeeList,51,202,9,11,12,57,9,21,2,18
MoneyWise Personal Finance - Core,io.github.tonywasher.joceanus.moneywise.data.basic,MoneyWiseCashInfoSet,13,110,1,12,4,35,4,16,3,10
MoneyWise Personal Finance - Core,io.github.tonywasher.joceanus.moneywise.data.basic,MoneyWiseCash,172,368,31,32,59,98,34,43,14,31
MoneyWise Personal Finance - Core,io.github.tonywasher.joceanus.moneywise.data.basic,MoneyWiseSecurityHoldingMap,195,202,37,10,51,47,32,15,9,14
MoneyWise Personal Finance - Core,io.github.tonywasher.joceanus.moneywise.data.basic,MoneyWiseSecurityInfo.MoneyWiseSecurityInfoList,101,88,8,2,27,26,10,9,5,9
MoneyWise Personal Finance - Core,io.github.tonywasher.joceanus.moneywise.data.basic,MoneyWiseLoan,238,340,39,26,74,91,45,35,21,26
MoneyWise Personal Finance - Core,io.github.tonywasher.joceanus.moneywise.data.basic,MoneyWiseExchangeRate.MoneyWiseExchangeRateDataMap.MoneyWiseRateList,17,23,0,0,5,8,3,3,3,3
MoneyWise Personal Finance - Core,io.github.tonywasher.joceanus.moneywise.data.basic,MoneyWiseDataSet,47,557,4,44,12,111,9,90,6,53
MoneyWise Personal Finance - Core,io.github.tonywasher.joceanus.moneywise.data.basic,MoneyWiseSecurityInfoSet,19,99,3,10,6,30,6,14,3,10
MoneyWise Personal Finance - Core,io.github.tonywasher.joceanus.moneywise.data.basic,MoneyWiseDeposit.MoneyWiseDepositList,81,237,18,14,16,65,14,23,3,18
MoneyWise Personal Finance - Core,io.github.tonywasher.joceanus.moneywise.data.basic,MoneyWiseTransaction.MoneyWiseTransactionList,36,248,5,19,13,71,10,23,5,16
MoneyWise Personal Finance - Core,io.github.tonywasher.joceanus.moneywise.data.basic,MoneyWisePortfolio,380,330,63,28,115,87,70,33,33,23
MoneyWise Personal Finance - Core,io.github.tonywasher.joceanus.moneywise.data.basic,MoneyWiseBasicDataType,8,409,2,50,2,88,2,58,0,12
MoneyWise Personal Finance - Core,io.github.tonywasher.joceanus.moneywise.data.basic,MoneyWiseTransaction,342,548,84,35,109,147,72,57,19,50
MoneyWise Personal Finance - Core,io.github.tonywasher.joceanus.moneywise.data.basic,MoneyWiseSecurity,275,374,45,30,85,101,47,42,20,31
MoneyWise Personal Finance - Core,io.github.tonywasher.joceanus.moneywise.data.basic,MoneyWisePayee,298,286,45,22,93,78,54,31,27,24
MoneyWise Personal Finance - Core,io.github.tonywasher.joceanus.moneywise.data.basic,MoneyWisePortfolio.MoneyWisePortfolioDataMap,30,122,2,4,8,30,8,9,6,8
MoneyWise Personal Finance - Core,io.github.tonywasher.joceanus.moneywise.data.basic,MoneyWiseSecurityPrice.MoneyWiseSecurityPriceList,16,112,2,4,4,33,3,11,1,10
MoneyWise Personal Finance - Core,io.github.tonywasher.joceanus.moneywise.data.basic,MoneyWiseSecurityInfo,162,123,22,2,41,36,19,14,6,14
MoneyWise Personal Finance - Core,io.github.tonywasher.joceanus.moneywise.data.basic,MoneyWiseLoanInfo.MoneyWiseLoanInfoList,101,88,8,2,27,26,10,9,5,9
MoneyWise Personal Finance - Core,io.github.tonywasher.joceanus.moneywise.data.basic,MoneyWiseLoanInfo,52,99,4,0,15,27,5,12,3,12
MoneyWise Personal Finance - Core,io.github.tonywasher.joceanus.moneywise.data.basic,MoneyWisePayeeInfo,141,10,4,0,39,3,16,1,14,1
MoneyWise Personal Finance - Core,io.github.tonywasher.joceanus.moneywise.data.basic,MoneyWiseAssetBase,224,568,39,52,55,160,49,67,19,49
MoneyWise Personal Finance - Core,io.github.tonywasher.joceanus.moneywise.data.basic,MoneyWiseTransInfo.MoneyWiseTransInfoList,121,86,12,2,34,24,13,9,6,9
MoneyWise Personal Finance - Core,io.github.tonywasher.joceanus.moneywise.data.basic,MoneyWiseAssetType,60,250,19,18,18,48,19,26,4,19
MoneyWise Personal Finance - Core,io.github.tonywasher.joceanus.moneywise.data.basic,MoneyWiseAssetDirection,17,80,5,10,6,17,6,11,2,7
MoneyWise Personal Finance - Core,io.github.tonywasher.joceanus.moneywise.data.basic,MoneyWiseDepositCategory.MoneyWiseDepositCategoryList,17,122,3,5,5,37,4,12,1,11
MoneyWise Personal Finance - Core,io.github.tonywasher.joceanus.moneywise.data.basic,MoneyWiseTax,3,0,0,0,1,0,1,0,1,0
MoneyWise Personal Finance - Core,io.github.tonywasher.joceanus.moneywise.data.basic,MoneyWiseSecurityHoldingMap.MoneyWisePortfolioHoldingsMap,159,77,39,5,40,17,25,6,4,5
MoneyWise Personal Finance - Core,io.github.tonywasher.joceanus.moneywise.data.basic,MoneyWisePortfolio.MoneyWisePortfolioList,48,258,7,17,12,73,8,27,2,21
MoneyWise Personal Finance - Core,io.github.tonywasher.joceanus.moneywise.data.basic,MoneyWiseRegion.MoneyWiseRegionList,22,127,3,5,6,37,5,14,2,13
MoneyWise Personal Finance - Core,io.github.tonywasher.joceanus.moneywise.data.basic,MoneyWiseExchangeRate,166,363,24,24,43,104,23,39,7,31
MoneyWise Personal Finance - Core,io.github.tonywasher.joceanus.moneywise.data.basic,MoneyWiseDepositRate.MoneyWiseDepositRateList,84,50,5,1,22,17,8,8,5,8
MoneyWise Personal Finance - Core,io.github.tonywasher.joceanus.moneywise.data.basic,MoneyWiseTransInfoSet,50,103,15,9,19,30,14,16,4,12
MoneyWise Personal Finance - Core,io.github.tonywasher.joceanus.moneywise.data.basic,MoneyWiseCash.MoneyWiseCashDataMap,13,43,0,2,4,14,4,7,4,6
MoneyWise Personal Finance - Core,io.github.tonywasher.joceanus.moneywise.data.basic,MoneyWiseTransTag.MoneyWiseTransTagList,22,127,3,5,6,37,5,14,2,13
MoneyWise Personal Finance - Core,io.github.tonywasher.joceanus.moneywise.data.basic,MoneyWiseTransInfo,207,123,30,2,53,36,25,14,8,14
MoneyWise Personal Finance - Core,io.github.tonywasher.joceanus.moneywise.data.basic,MoneyWiseTransCategory.MoneyWiseTransCategoryList,19,160,4,10,6,46,5,20,1,15
MoneyWise Personal Finance - Core,io.github.tonywasher.joceanus.moneywise.data.basic,MoneyWiseAssetBase.MoneyWiseAssetDataMap,0,21,0,0,0,6,0,4,0,4
MoneyWise Personal Finance - Core,io.github.tonywasher.joceanus.moneywise.lethe.ui.dialog,MoneyWiseUITransactionDialog,2128,0,320,0,440,0,200,0,40,0
MoneyWise Personal Finance - Core,io.github.tonywasher.joceanus.moneywise.lethe.data.analysis.analyse,MoneyWiseAnalysisTransAnalyser,2562,175,225,2,660,44,142,5,22,5
MoneyWise Personal Finance - Core,io.github.tonywasher.joceanus.moneywise.lethe.data.analysis.analyse,MoneyWiseAnalysisBuilder,128,0,6,0,38,0,8,0,5,0
MoneyWise Personal Finance - Core,io.github.tonywasher.joceanus.moneywise.lethe.data.analysis.data,MoneyWiseAnalysisDepositCategoryBucket.MoneyWiseAnalysisDepositCategoryBucketList,159,89,13,3,47,27,15,7,7,7
MoneyWise Personal Finance - Core,io.github.tonywasher.joceanus.moneywise.lethe.data.analysis.data,MoneyWiseAnalysisCashCategoryBucket.MoneyWiseAnalysisCashCategoryBucketList,159,89,13,3,47,27,15,7,7,7
MoneyWise Personal Finance - Core,io.github.tonywasher.joceanus.moneywise.lethe.data.analysis.data,MoneyWiseAnalysisPortfolioBucket.MoneyWiseAnalysisPortfolioBucketList,331,86,42,2,97,26,37,8,15,8
MoneyWise Personal Finance - Core,io.github.tonywasher.joceanus.moneywise.lethe.data.analysis.data,MoneyWiseAnalysisLoanBucket.MoneyWiseAnalysisLoanBucketList,104,8,10,0,29,3,16,2,11,2
MoneyWise Personal Finance - Core,io.github.tonywasher.joceanus.moneywise.lethe.data.analysis.data,MoneyWiseAnalysisCashCategoryBucket,38,16,2,0,11,6,8,2,7,2
MoneyWise Personal Finance - Core,io.github.tonywasher.joceanus.moneywise.lethe.data.analysis.data,MoneyWiseAnalysisCashBucket,52,0,0,0,17,0,7,0,7,0
MoneyWise Personal Finance - Core,io.github.tonywasher.joceanus.moneywise.lethe.data.analysis.data,MoneyWiseAnalysisAccountCategoryBucket,98,65,3,1,28,19,14,4,12,4
MoneyWise Personal Finance - Core,io.github.tonywasher.joceanus.moneywise.lethe.data.analysis.data,MoneyWiseAnalysis,453,267,15,3,87,59,19,18,10,18
MoneyWise Personal Finance - Core,io.github.tonywasher.joceanus.moneywise.lethe.data.analysis.data,MoneyWiseAnalysisTransactionHelper.ForeignPartnerDetail,33,0,2,0,9,0,2,0,1,0
MoneyWise Personal Finance - Core,io.github.tonywasher.joceanus.moneywise.lethe.data.analysis.data,MoneyWiseAnalysisLoanCategoryBucket,38,16,2,0,11,6,8,2,7,2
MoneyWise Personal Finance - Core,io.github.tonywasher.joceanus.moneywise.lethe.data.analysis.data,MoneyWiseAnalysisTransactionHelper.ForeignAccountDetail,105,0,14,0,32,0,8,0,1,0
MoneyWise Personal Finance - Core,io.github.tonywasher.joceanus.moneywise.lethe.data.analysis.data,MoneyWiseAnalysisTaxBasisAccountBucket.MoneyWiseAnalysisTaxBasisAccountBucketList,199,0,10,0,55,0,20,0,15,0
MoneyWise Personal Finance - Core,io.github.tonywasher.joceanus.moneywise.lethe.data.analysis.data,MoneyWiseAnalysisTaxBasisBucket,129,25,18,2,33,9,22,2,12,2
MoneyWise Personal Finance - Core,io.github.tonywasher.joceanus.moneywise.lethe.data.analysis.data,MoneyWiseAnalysisTaxBasisBaseBucket.MoneyWiseTaxBasisAdjust,35,0,4,0,6,0,5,0,3,0
MoneyWise Personal Finance - Core,io.github.tonywasher.joceanus.moneywise.lethe.data.analysis.data,MoneyWiseAnalysisSecurityBucket,877,0,26,0,216,0,57,0,44,0
MoneyWise Personal Finance - Core,io.github.tonywasher.joceanus.moneywise.lethe.data.analysis.data,MoneyWiseAnalysisAccountBucket.MoneyWiseAnalysisAccountBucketList,151,40,29,1,44,14,22,5,7,5
MoneyWise Personal Finance - Core,io.github.tonywasher.joceanus.moneywise.lethe.data.analysis.data,MoneyWiseAnalysisTransCategoryBucket.MoneyWiseAnalysisTransCategoryBucketList,555,154,55,5,153,39,44,7,14,7
MoneyWise Personal Finance - Core,io.github.tonywasher.joceanus.moneywise.lethe.data.analysis.data,MoneyWiseAnalysisDepositCategoryBucket,38,16,2,0,11,6,8,2,7,2
MoneyWise Personal Finance - Core,io.github.tonywasher.joceanus.moneywise.lethe.data.analysis.data,MoneyWiseAnalysisTransTagBucket.MoneyWiseAnalysisTransTagBucketList,143,29,16,0,41,10,19,3,11,3
MoneyWise Personal Finance - Core,io.github.tonywasher.joceanus.moneywise.lethe.data.analysis.data,MoneyWiseAnalysisLoanBucket,127,0,8,0,35,0,15,0,11,0
MoneyWise Personal Finance - Core,io.github.tonywasher.joceanus.moneywise.lethe.data.analysis.data,MoneyWiseAnalysisTaxBasisAccountBucket,77,0,0,0,23,0,11,0,11,0
MoneyWise Personal Finance - Core,io.github.tonywasher.joceanus.moneywise.lethe.data.analysis.data,MoneyWiseAnalysisDepositBucket,237,0,28,0,67,0,29,0,15,0
MoneyWise Personal Finance - Core,io.github.tonywasher.joceanus.moneywise.lethe.data.analysis.data,MoneyWiseAnalysisTransactionHelper.TransactionDetail,452,0,66,0,120,0,61,0,28,0
MoneyWise Personal Finance - Core,io.github.tonywasher.joceanus.moneywise.lethe.data.analysis.data,MoneyWiseAnalysisDepositBucket.MoneyWiseAnalysisDepositBucketList,108,8,10,0,30,3,17,2,12,2
MoneyWise Personal Finance - Core,io.github.tonywasher.joceanus.moneywise.lethe.data.analysis.data,MoneyWiseAnalysisLoanCategoryBucket.MoneyWiseAnalysisLoanCategoryBucketList,159,89,13,3,47,27,15,7,7,7
MoneyWise Personal Finance - Core,io.github.tonywasher.joceanus.moneywise.lethe.data.analysis.data,MoneyWiseAnalysisExchangeRateCursor.CurrencyCursor,60,0,8,0,19,0,7,0,3,0
MoneyWise Personal Finance - Core,io.github.tonywasher.joceanus.moneywise.lethe.data.analysis.data,MoneyWiseAnalysisTaxBasisBucket.MoneyWiseAnalysisTaxBasisBucketList,424,75,48,1,128,21,54,6,22,6
MoneyWise Personal Finance - Core,io.github.tonywasher.joceanus.moneywise.lethe.data.analysis.data,MoneyWiseAnalysisSecurityPriceCursor,23,12,0,0,3,4,3,1,3,1
MoneyWise Personal Finance - Core,io.github.tonywasher.joceanus.moneywise.lethe.data.analysis.data,MoneyWiseAnalysisDataResource,0,378,0,2,0,60,0,7,0,6
MoneyWise Personal Finance - Core,io.github.tonywasher.joceanus.moneywise.lethe.data.analysis.data,MoneyWiseAnalysisPortfolioBucket,534,184,44,4,145,42,54,6,30,6
MoneyWise Personal Finance - Core,io.github.tonywasher.joceanus.moneywise.lethe.data.analysis.data,MoneyWiseAnalysisDepositBucket.MoneyWiseAnalysisPeer2PeerValues,54,0,0,0,12,0,5,0,5,0
MoneyWise Personal Finance - Core,io.github.tonywasher.joceanus.moneywise.lethe.data.analysis.data,MoneyWiseAnalysisMarket,177,87,25,7,46,23,18,2,2,2
MoneyWise Personal Finance - Core,io.github.tonywasher.joceanus.moneywise.lethe.data.analysis.data,MoneyWiseAnalysisPayeeBucket.MoneyWiseAnalysisPayeeBucketList,142,83,17,3,41,23,19,7,9,7
MoneyWise Personal Finance - Core,io.github.tonywasher.joceanus.moneywise.lethe.data.analysis.data,MoneyWiseAnalysisTaxBasisBaseBucket,589,78,68,2,168,21,69,2,34,2
MoneyWise Personal Finance - Core,io.github.tonywasher.joceanus.moneywise.lethe.data.analysis.data,MoneyWiseAnalysisTransCategoryBucket,379,87,34,2,112,25,51,3,33,3
MoneyWise Personal Finance - Core,io.github.tonywasher.joceanus.moneywise.lethe.data.analysis.data,MoneyWiseAnalysisTransactionHelper,196,19,10,0,49,5,39,1,34,1
MoneyWise Personal Finance - Core,io.github.tonywasher.joceanus.moneywise.lethe.data.analysis.data,MoneyWiseAnalysisAccountBucket,638,99,22,4,161,27,47,4,34,4
MoneyWise Personal Finance - Core,io.github.tonywasher.joceanus.moneywise.lethe.data.analysis.data,MoneyWiseAnalysisType,144,0,25,0,40,0,25,0,6,0
MoneyWise Personal Finance - Core,io.github.tonywasher.joceanus.moneywise.lethe.data.analysis.data,MoneyWiseAnalysisSecurityBucket.MoneyWiseAnalysisSecurityBucketList,212,0,26,0,64,0,26,0,13,0
MoneyWise Personal Finance - Core,io.github.tonywasher.joceanus.moneywise.lethe.data.analysis.data,MoneyWiseAnalysisSecurityPriceCursor.MoneyWiseSecurityCursor,67,0,8,0,20,0,7,0,3,0
MoneyWise Personal Finance - Core,io.github.tonywasher.joceanus.moneywise.lethe.data.analysis.data,MoneyWiseAnalysisPortfolioCashBucket,80,9,0,0,25,3,7,2,7,2
MoneyWise Personal Finance - Core,io.github.tonywasher.joceanus.moneywise.lethe.data.analysis.data,MoneyWiseAnalysisExchangeRateCursor,23,13,0,0,3,4,3,1,3,1
MoneyWise Personal Finance - Core,io.github.tonywasher.joceanus.moneywise.lethe.data.analysis.data,MoneyWiseAnalysisTransTagBucket,146,0,12,0,44,0,23,0,17,0
MoneyWise Personal Finance - Core,io.github.tonywasher.joceanus.moneywise.lethe.data.analysis.data,MoneyWiseAnalysisPayeeBucket,616,76,93,1,187,21,81,3,34,3
MoneyWise Personal Finance - Core,io.github.tonywasher.joceanus.moneywise.lethe.data.analysis.data,MoneyWiseAnalysisManager,181,152,12,0,45,46,12,8,6,8
MoneyWise Personal Finance - Core,io.github.tonywasher.joceanus.moneywise.lethe.data.analysis.data,MoneyWiseAnalysisCashBucket.MoneyWiseAnalysisCashBucketList,104,8,10,0,29,3,16,2,11,2
MoneyWise Personal Finance - Core,io.github.tonywasher.joceanus.moneywise.ui.controls,MoneyWiseUISpotRatesSelect.MoneyWiseSpotRatesState,125,0,6,0,33,0,13,0,10,0
MoneyWise Personal Finance - Core,io.github.tonywasher.joceanus.moneywise.ui.controls,MoneyWiseUISpotPricesSelect.MoneyWiseSpotPricesState,186,0,16,0,47,0,22,0,14,0
MoneyWise Personal Finance - Core,io.github.tonywasher.joceanus.moneywise.ui.controls,MoneyWiseUISpotPricesSelect,510,0,32,0,130,0,41,0,25,0
MoneyWise Personal Finance - Core,io.github.tonywasher.joceanus.moneywise.ui.controls,MoneyWiseUISpotRatesSelect,334,0,16,0,84,0,25,0,17,0
MoneyWise Personal Finance - Core,io.github.tonywasher.joceanus.moneywise.atlas.data.analysis.base,MoneyWiseNewDepositRate,21,0,0,0,8,0,4,0,4,0
MoneyWise Personal Finance - Core,io.github.tonywasher.joceanus.moneywise.atlas.data.analysis.base,MoneyWiseXAnalysisBaseResource,0,175,0,2,0,31,0,7,0,6
MoneyWise Personal Finance - Core,io.github.tonywasher.joceanus.moneywise.atlas.data.analysis.base,MoneyWiseXAnalysisEventList,40,63,0,0,11,15,9,6,9,6
MoneyWise Personal Finance - Core,io.github.tonywasher.joceanus.moneywise.atlas.data.analysis.base,MoneyWiseXAnalysisEvent,571,281,139,29,135,62,132,31,51,20
MoneyWise Personal Finance - Core,io.github.tonywasher.joceanus.moneywise.atlas.data.analysis.base,MoneyWiseXAnalysisValues,163,111,15,4,38,25,18,17,10,15
MoneyWise Personal Finance - Core,io.github.tonywasher.joceanus.moneywise.atlas.data.analysis.base,MoneyWiseXAnalysisDataType,60,22,8,0,18,5,14,2,10,2
MoneyWise Personal Finance - Core,io.github.tonywasher.joceanus.moneywise.atlas.data.analysis.base,MoneyWiseXAnalysisHistory,299,70,30,2,82,19,25,8,10,7
MoneyWise Personal Finance - Core,io.github.tonywasher.joceanus.moneywise.atlas.data.analysis.base,MoneyWiseNewDepositRate.MoneyWiseNewDepositRateList,33,27,3,1,8,7,2,1,0,1
MoneyWise Personal Finance - Core,io.github.tonywasher.joceanus.moneywise.atlas.data.analysis.base,MoneyWiseXAnalysisEventType,0,33,0,0,0,6,0,1,0,1
MoneyWise Personal Finance - Core,io.github.tonywasher.joceanus.moneywise.atlas.data.analysis.base,MoneyWiseXAnalysisSnapShot,73,53,0,0,19,15,12,3,12,3
MoneyWise Personal Finance - Core,io.github.tonywasher.joceanus.moneywise.quicken.definitions,MoneyWiseQIFType,141,0,28,0,50,0,30,0,16,0
MoneyWise Personal Finance - Core,io.github.tonywasher.joceanus.moneywise.quicken.definitions,MoneyWiseQIFPreference.MoneyWiseQIFPreferenceKey,44,0,0,0,10,0,4,0,4,0
MoneyWise Personal Finance - Core,io.github.tonywasher.joceanus.moneywise.quicken.definitions,MoneyWiseQEventLineType,123,0,4,0,21,0,6,0,4,0
MoneyWise Personal Finance - Core,io.github.tonywasher.joceanus.moneywise.quicken.definitions,MoneyWiseQPortfolioLineType,123,0,4,0,21,0,6,0,4,0
MoneyWise Personal Finance - Core,io.github.tonywasher.joceanus.moneywise.quicken.definitions,MoneyWiseQCategoryLineType,74,0,4,0,14,0,6,0,4,0
MoneyWise Personal Finance - Core,io.github.tonywasher.joceanus.moneywise.quicken.definitions,MoneyWiseQSecurityLineType,60,0,4,0,12,0,6,0,4,0
MoneyWise Personal Finance - Core,io.github.tonywasher.joceanus.moneywise.quicken.definitions,MoneyWiseQIFPreference.MoneyWiseQIFPreferences,54,0,6,0,16,0,6,0,3,0
MoneyWise Personal Finance - Core,io.github.tonywasher.joceanus.moneywise.quicken.definitions,MoneyWiseQActionType,228,0,4,0,36,0,6,0,4,0
MoneyWise Personal Finance - Core,io.github.tonywasher.joceanus.moneywise.quicken.definitions,MoneyWiseQAccountLineType,67,0,4,0,13,0,6,0,4,0
MoneyWise Personal Finance - Core,io.github.tonywasher.joceanus.moneywise.quicken.definitions,MoneyWiseQClassLineType,53,0,4,0,11,0,6,0,4,0
MoneyWise Personal Finance - Core,io.github.tonywasher.joceanus.moneywise.tax,MoneyWiseTaxBandSet,65,16,4,0,15,6,9,2,7,2
MoneyWise Personal Finance - Core,io.github.tonywasher.joceanus.moneywise.tax,MoneyWiseTaxDueBucket,168,0,6,0,47,0,16,0,13,0
MoneyWise Personal Finance - Core,io.github.tonywasher.joceanus.moneywise.tax,MoneyWiseTaxYear,8,18,0,0,2,7,2,3,2,3
MoneyWise Personal Finance - Core,io.github.tonywasher.joceanus.moneywise.tax,MoneyWiseCashType,23,15,5,0,7,3,5,1,2,1
MoneyWise Personal Finance - Core,io.github.tonywasher.joceanus.moneywise.tax,MoneyWiseTaxDueBucket.MoneyWiseTaxBandBucket,81,0,0,0,22,0,8,0,8,0
MoneyWise Personal Finance - Core,io.github.tonywasher.joceanus.moneywise.tax,MoneyWiseTaxResource,0,399,0,2,0,63,0,7,0,6
MoneyWise Personal Finance - Core,io.github.tonywasher.joceanus.moneywise.tax,MoneyWiseTaxBandSet.MoneyWiseTaxBand,55,35,4,2,17,12,8,4,6,3
MoneyWise Personal Finance - Core,io.github.tonywasher.joceanus.moneywise.tax,MoneyWiseChargeableGainSlice.MoneyWiseChargeableGainSliceList,66,8,6,0,18,3,9,1,6,1
MoneyWise Personal Finance - Core,io.github.tonywasher.joceanus.moneywise.tax,MoneyWiseTaxYearCache,29,11,4,0,8,4,3,2,1,2
MoneyWise Personal Finance - Core,io.github.tonywasher.joceanus.moneywise.tax,MoneyWiseChargeableGainSlice,101,0,0,0,29,0,10,0,10,0
MoneyWise Personal Finance - Core,io.github.tonywasher.joceanus.moneywise.tax,MoneyWiseMarginalReduction,56,30,5,0,15,7,6,2,3,2
MoneyWise Personal Finance - Core,io.github.tonywasher.joceanus.moneywise.lethe.reports,MoneyWiseReportPortfolioView,453,0,12,0,100,0,14,0,8,0
MoneyWise Personal Finance - Core,io.github.tonywasher.joceanus.moneywise.lethe.reports,MoneyWiseReportStyleSheet,26,0,0,0,7,0,4,0,4,0
MoneyWise Personal Finance - Core,io.github.tonywasher.joceanus.moneywise.lethe.reports,MoneyWiseReportIncomeExpense,274,0,12,0,65,0,12,0,6,0
MoneyWise Personal Finance - Core,io.github.tonywasher.joceanus.moneywise.lethe.reports,MoneyWiseReportMarketGrowth,616,0,28,0,133,0,22,0,8,0
MoneyWise Personal Finance - Core,io.github.tonywasher.joceanus.moneywise.lethe.reports,MoneyWiseReportTaxCalculation,237,0,4,0,55,0,8,0,6,0
MoneyWise Personal Finance - Core,io.github.tonywasher.joceanus.moneywise.lethe.reports,MoneyWiseReportNetWorth,1267,0,118,0,313,0,72,0,13,0
MoneyWise Personal Finance - Core,io.github.tonywasher.joceanus.moneywise.lethe.reports,MoneyWiseReportAssetGains,265,0,8,0,62,0,10,0,6,0
MoneyWise Personal Finance - Core,io.github.tonywasher.joceanus.moneywise.lethe.reports,MoneyWiseReportTaxationBasis,252,0,14,0,63,0,13,0,6,0
MoneyWise Personal Finance - Core,io.github.tonywasher.joceanus.moneywise.lethe.reports,MoneyWiseReportResource,186,0,2,0,32,0,6,0,5,0
MoneyWise Personal Finance - Core,io.github.tonywasher.joceanus.moneywise.lethe.reports,MoneyWiseReportCapitalGains,1213,0,63,0,291,0,71,0,37,0
MoneyWise Personal Finance - Core,io.github.tonywasher.joceanus.moneywise.lethe.reports,MoneyWiseReportBalanceSheet,1494,0,88,0,339,0,57,0,13,0
MoneyWise Personal Finance - Core,io.github.tonywasher.joceanus.moneywise.lethe.reports,MoneyWiseReportCashFlow,169,0,4,0,39,0,7,0,5,0
MoneyWise Personal Finance - Core,io.github.tonywasher.joceanus.moneywise.lethe.reports,MoneyWiseReportBuilder,114,0,17,0,25,0,15,0,2,0
MoneyWise Personal Finance - Core,io.github.tonywasher.joceanus.moneywise.lethe.reports,MoneyWiseReportType,118,0,17,0,33,0,19,0,6,0
MoneyWise Personal Finance - Core,io.github.tonywasher.joceanus.moneywise.lethe.reports,MoneyWiseReportConstants,13,0,0,0,4,0,1,0,1,0
MoneyWise Personal Finance - Core,io.github.tonywasher.joceanus.moneywise.archive,MoneyWiseArchiveSecurityPrice,162,0,12,0,44,0,9,0,3,0
MoneyWise Personal Finance - Core,io.github.tonywasher.joceanus.moneywise.archive,MoneyWiseArchiveRegion,94,0,2,0,28,0,4,0,3,0
MoneyWise Personal Finance - Core,io.github.tonywasher.joceanus.moneywise.archive,MoneyWiseArchiveTransInfoType,80,0,2,0,24,0,4,0,3,0
MoneyWise Personal Finance - Core,io.github.tonywasher.joceanus.moneywise.archive,MoneyWiseArchiveAccount,1105,0,66,0,316,0,46,0,13,0
MoneyWise Personal Finance - Core,io.github.tonywasher.joceanus.moneywise.archive,MoneyWiseArchiveDepositRate,146,0,8,0,44,0,8,0,4,0
MoneyWise Personal Finance - Core,io.github.tonywasher.joceanus.moneywise.archive,MoneyWiseArchivePayeeType,80,0,2,0,24,0,4,0,3,0
MoneyWise Personal Finance - Core,io.github.tonywasher.joceanus.moneywise.archive,MoneyWiseArchiveTransTag,94,0,2,0,28,0,4,0,3,0
MoneyWise Personal Finance - Core,io.github.tonywasher.joceanus.moneywise.archive,MoneyWiseArchiveYear,44,0,2,0,13,0,4,0,3,0
MoneyWise Personal Finance - Core,io.github.tonywasher.joceanus.moneywise.archive,MoneyWiseArchiveTaxBasis,80,0,2,0,24,0,4,0,3,0
MoneyWise Personal Finance - Core,io.github.tonywasher.joceanus.moneywise.archive,MoneyWiseArchiveTransCategoryType,80,0,2,0,24,0,4,0,3,0
MoneyWise Personal Finance - Core,io.github.tonywasher.joceanus.moneywise.archive,MoneyWiseArchiveCache.MoneyWiseSecurityHoldingDef,15,0,0,0,6,0,3,0,3,0
MoneyWise Personal Finance - Core,io.github.tonywasher.joceanus.moneywise.archive,MoneyWiseArchiveSecurityType,80,0,2,0,24,0,4,0,3,0
MoneyWise Personal Finance - Core,io.github.tonywasher.joceanus.moneywise.archive,MoneyWiseArchiveLoanCategoryType,80,0,2,0,24,0,4,0,3,0
MoneyWise Personal Finance - Core,io.github.tonywasher.joceanus.moneywise.archive,MoneyWiseArchiveAccountCategory,232,0,14,0,66,0,11,0,4,0
MoneyWise Personal Finance - Core,io.github.tonywasher.joceanus.moneywise.archive,MoneyWiseArchiveTransCategory,128,0,4,0,37,0,4,0,2,0
MoneyWise Personal Finance - Core,io.github.tonywasher.joceanus.moneywise.archive,MoneyWiseArchiveCashCategoryType,80,0,2,0,24,0,4,0,3,0
MoneyWise Personal Finance - Core,io.github.tonywasher.joceanus.moneywise.archive,MoneyWiseArchiveDepositCategoryType,80,0,2,0,24,0,4,0,3,0
MoneyWise Personal Finance - Core,io.github.tonywasher.joceanus.moneywise.archive,MoneyWiseArchiveCurrency,82,0,2,0,25,0,4,0,3,0
MoneyWise Personal Finance - Core,io.github.tonywasher.joceanus.moneywise.archive,MoneyWiseArchiveTransaction,590,0,68,0,166,0,39,0,5,0
MoneyWise Personal Finance - Core,io.github.tonywasher.joceanus.moneywise.archive,MoneyWiseArchivePortfolioType,80,0,2,0,24,0,4,0,3,0
MoneyWise Personal Finance - Core,io.github.tonywasher.joceanus.moneywise.archive,MoneyWiseArchiveExchangeRate,161,0,10,0,45,0,8,0,3,0
MoneyWise Personal Finance - Core,io.github.tonywasher.joceanus.moneywise.archive,MoneyWiseArchiveAccountInfoType,80,0,2,0,24,0,4,0,3,0
MoneyWise Personal Finance - Core,io.github.tonywasher.joceanus.moneywise.archive,MoneyWiseArchiveLoader,339,0,4,0,63,0,8,0,6,0
MoneyWise Personal Finance - Core,io.github.tonywasher.joceanus.moneywise.archive,MoneyWiseArchiveCache,719,0,88,0,170,0,69,0,24,0
MoneyWise Personal Finance - Core,io.github.tonywasher.joceanus.moneywise.threads,MoneyWiseThreadId,29,0,0,0,7,0,3,0,3,0
MoneyWise Personal Finance - Core,io.github.tonywasher.joceanus.moneywise.threads,MoneyWiseThreadWriteQIF,148,0,4,0,36,0,6,0,4,0
MoneyWise Personal Finance - Core,io.github.tonywasher.joceanus.moneywise.threads,MoneyWiseThreadResource,46,0,2,0,12,0,6,0,5,0
MoneyWise Personal Finance - Core,io.github.tonywasher.joceanus.moneywise.threads,MoneyWiseThreadLoadArchive,90,0,2,0,26,0,5,0,4,0
MoneyWise Personal Finance - Core,io.github.tonywasher.joceanus.moneywise.help,MoneyWiseHelp,43,0,0,0,10,0,1,0,1,0
MoneyWise Personal Finance - Core,io.github.tonywasher.joceanus.moneywise.help,MoneyWiseHelpStyleSheet,26,0,0,0,7,0,4,0,4,0
MoneyWise Personal Finance - Core,io.github.tonywasher.joceanus.moneywise.help,MoneyWiseHelpPage,47,0,0,0,10,0,4,0,4,0
MoneyWise Personal Finance - Core,io.github.tonywasher.joceanus.moneywise.tax.uk,MoneyWiseUKTaxConfig,392,0,2,0,88,0,24,0,23,0
MoneyWise Personal Finance - Core,io.github.tonywasher.joceanus.moneywise.tax.uk,MoneyWiseUKCapitalScheme.MoneyWiseUKCapitalAsIncomeScheme,2,7,0,0,1,3,1,2,1,2
MoneyWise Personal Finance - Core,io.github.tonywasher.joceanus.moneywise.tax.uk,MoneyWiseUKIncomeScheme,197,19,26,0,50,8,24,3,11,3
MoneyWise Personal Finance - Core,io.github.tonywasher.joceanus.moneywise.tax.uk,MoneyWiseUKCapitalScheme.MoneyWiseUKCapitalResidentialScheme,20,21,2,0,5,6,4,2,3,2
MoneyWise Personal Finance - Core,io.github.tonywasher.joceanus.moneywise.tax.uk,MoneyWiseUKInterestScheme.MoneyWiseUKInterestAsIncomeScheme,6,7,0,0,2,3,2,2,2,2
MoneyWise Personal Finance - Core,io.github.tonywasher.joceanus.moneywise.tax.uk,MoneyWiseUKSavingsAllowance,113,35,12,0,31,10,14,2,8,2
MoneyWise Personal Finance - Core,io.github.tonywasher.joceanus.moneywise.tax.uk,MoneyWiseUKTaxBands,65,49,8,0,19,16,11,5,7,5
MoneyWise Personal Finance - Core,io.github.tonywasher.joceanus.moneywise.tax.uk,MoneyWiseUKAllowanceFactory,0,635,0,0,0,89,0,2,0,2
MoneyWise Personal Finance - Core,io.github.tonywasher.joceanus.moneywise.tax.uk,MoneyWiseUKBasicAllowance,83,39,6,0,25,12,14,2,11,2
MoneyWise Personal Finance - Core,io.github.tonywasher.joceanus.moneywise.tax.uk,MoneyWiseUKChargeableGainsScheme,0,4,0,0,0,2,0,1,0,1
MoneyWise Personal Finance - Core,io.github.tonywasher.joceanus.moneywise.tax.uk,MoneyWiseUKTaxBandsFactory,0,1762,0,0,0,192,0,3,0,3
MoneyWise Personal Finance - Core,io.github.tonywasher.joceanus.moneywise.tax.uk,MoneyWiseUKRoomRentalScheme,50,7,4,0,13,3,5,2,3,2
MoneyWise Personal Finance - Core,io.github.tonywasher.joceanus.moneywise.tax.uk,MoneyWiseUKTaxYear,105,83,0,2,25,20,9,5,9,4
MoneyWise Personal Finance - Core,io.github.tonywasher.joceanus.moneywise.tax.uk,MoneyWiseUKCapitalScheme.MoneyWiseUKCapitalSplitRateScheme,39,16,0,0,8,6,3,2,3,2
MoneyWise Personal Finance - Core,io.github.tonywasher.joceanus.moneywise.tax.uk,MoneyWiseUKCapitalScheme,48,7,4,0,12,4,4,2,2,2
MoneyWise Personal Finance - Core,io.github.tonywasher.joceanus.moneywise.tax.uk,MoneyWiseUKInterestScheme.MoneyWiseUKInterestLoBaseRateScheme,2,8,0,0,1,3,1,2,1,2
MoneyWise Personal Finance - Core,io.github.tonywasher.joceanus.moneywise.tax.uk,MoneyWiseUKTaxYearCache,20,195,2,0,6,61,5,4,4,4
MoneyWise Personal Finance - Core,io.github.tonywasher.joceanus.moneywise.tax.uk,MoneyWiseUKAdditionalAllowance,42,21,4,0,12,6,6,2,4,2
MoneyWise Personal Finance - Core,io.github.tonywasher.joceanus.moneywise.tax.uk,MoneyWiseUKTaxYearFactory,0,471,0,0,0,47,0,1,0,1
MoneyWise Personal Finance - Core,io.github.tonywasher.joceanus.moneywise.tax.uk,MoneyWiseUKTaxAnalysis.MoneyWiseUKTaxPreferenceKey,29,0,0,0,8,0,4,0,4,0
MoneyWise Personal Finance - Core,io.github.tonywasher.joceanus.moneywise.tax.uk,MoneyWiseUKInterestScheme.MoneyWiseUKInterestBaseRateScheme,8,15,0,0,3,6,3,2,3,2
MoneyWise Personal Finance - Core,io.github.tonywasher.joceanus.moneywise.tax.uk,MoneyWiseUKChargeableGainsScheme.MoneyWiseUKSlicedTaxDueBucket,208,0,6,0,48,0,16,0,13,0
MoneyWise Personal Finance - Core,io.github.tonywasher.joceanus.moneywise.tax.uk,MoneyWiseUKDividendScheme.MoneyWiseUKDividendAdditionalRateScheme,5,25,0,0,2,8,2,3,2,3
MoneyWise Personal Finance - Core,io.github.tonywasher.joceanus.moneywise.tax.uk,MoneyWiseUKDividendScheme.MoneyWiseUKDividendHigherRateScheme,5,24,0,0,2,8,2,3,2,3
MoneyWise Personal Finance - Core,io.github.tonywasher.joceanus.moneywise.tax.uk,MoneyWiseUKTaxAnalysis,241,0,12,0,61,0,21,0,15,0
MoneyWise Personal Finance - Core,io.github.tonywasher.joceanus.moneywise.tax.uk,MoneyWiseUKDividendScheme,165,12,18,0,43,6,15,3,6,3
MoneyWise Personal Finance - Core,io.github.tonywasher.joceanus.moneywise.tax.uk,MoneyWiseUKSchemeFactory,0,170,0,0,0,30,0,4,0,4
MoneyWise Personal Finance - Core,io.github.tonywasher.joceanus.moneywise.tax.uk,MoneyWiseUKCapitalScheme.MoneyWiseUKCapitalFlatRateScheme,20,15,0,0,5,6,3,2,3,2
MoneyWise Personal Finance - Core,io.github.tonywasher.joceanus.moneywise.tax.uk,MoneyWiseUKInterestScheme,141,7,12,0,37,4,10,2,4,2
MoneyWise Personal Finance - Core,io.github.tonywasher.joceanus.moneywise.tax.uk,MoneyWiseUKAgeAllowance,96,82,16,2,29,18,14,5,6,4
MoneyWise Personal Finance - Core,io.github.tonywasher.joceanus.moneywise.tax.uk,MoneyWiseUKDividendScheme.MoneyWiseUKDividendAsIncomeScheme,6,7,0,0,2,3,2,2,2,2
MoneyWise Personal Finance - Core,io.github.tonywasher.joceanus.moneywise.tax.uk,MoneyWiseUKDividendScheme.MoneyWiseUKDividendBaseRateScheme,8,23,0,0,3,8,3,3,3,3
MoneyWise Personal Finance - Core,io.github.tonywasher.joceanus.moneywise.tax.uk,MoneyWiseUKTaxAnalysis.MoneyWiseUKTaxPreferences,26,0,2,0,8,0,4,0,3,0
MoneyWise Personal Finance - Core,io.github.tonywasher.joceanus.moneywise.tax.uk,MoneyWiseUKDividendScheme.MoneyWiseUKDividendLoHigherRateScheme,2,9,0,0,1,3,1,2,1,2
MoneyWise Personal Finance - Core,io.github.tonywasher.joceanus.moneywise.atlas.ui.dialog,MoneyWiseXTransactionDialog,1956,0,286,0,414,0,181,0,38,0
MoneyWise Personal Finance - Core,io.github.tonywasher.joceanus.moneywise.lethe.ui.controls,MoneyWiseUIPayeeAnalysisSelect.MoneyWisePayeeState,91,0,6,0,27,0,12,0,9,0
MoneyWise Personal Finance - Core,io.github.tonywasher.joceanus.moneywise.lethe.ui.controls,MoneyWiseUIReportSelect.MoneyWiseReportState,190,0,26,0,53,0,26,0,13,0
MoneyWise Personal Finance - Core,io.github.tonywasher.joceanus.moneywise.lethe.ui.controls,MoneyWiseUIAnalysisSelect.MoneyWiseStatementSelect,15,0,0,0,6,0,3,0,3,0
MoneyWise Personal Finance - Core,io.github.tonywasher.joceanus.moneywise.lethe.ui.controls,MoneyWiseUIDepositAnalysisSelect,416,0,32,0,105,0,36,0,20,0
MoneyWise Personal Finance - Core,io.github.tonywasher.joceanus.moneywise.lethe.ui.controls,MoneyWiseUIPortfolioAnalysisSelect.MoneyWisePortfolioState,91,0,6,0,27,0,12,0,9,0
MoneyWise Personal Finance - Core,io.github.tonywasher.joceanus.moneywise.lethe.ui.controls,MoneyWiseUICashAnalysisSelect.MoneyWiseCashState,135,0,10,0,40,0,17,0,12,0
MoneyWise Personal Finance - Core,io.github.tonywasher.joceanus.moneywise.lethe.ui.controls,MoneyWiseUILoanAnalysisSelect,423,0,34,0,108,0,37,0,20,0
MoneyWise Personal Finance - Core,io.github.tonywasher.joceanus.moneywise.lethe.ui.controls,MoneyWiseUITransCategoryAnalysisSelect.MoneyWiseEventState,91,0,6,0,27,0,12,0,9,0
MoneyWise Personal Finance - Core,io.github.tonywasher.joceanus.moneywise.lethe.ui.controls,MoneyWiseUITransTagSelect.MoneyWiseTagState,91,0,6,0,27,0,12,0,9,0
MoneyWise Personal Finance - Core,io.github.tonywasher.joceanus.moneywise.lethe.ui.controls,MoneyWiseUIAnalysisSelect.MoneyWiseAnalysisState,251,0,20,0,68,0,26,0,16,0
MoneyWise Personal Finance - Core,io.github.tonywasher.joceanus.moneywise.lethe.ui.controls,MoneyWiseUISecurityAnalysisSelect,392,0,30,0,100,0,35,0,20,0
MoneyWise Personal Finance - Core,io.github.tonywasher.joceanus.moneywise.lethe.ui.controls,MoneyWiseUIAllSelect,41,0,2,0,14,0,9,0,8,0
MoneyWise Personal Finance - Core,io.github.tonywasher.joceanus.moneywise.lethe.ui.controls,MoneyWiseUIAnalysisSelect,1516,0,78,0,348,0,101,0,62,0
MoneyWise Personal Finance - Core,io.github.tonywasher.joceanus.moneywise.lethe.ui.controls,MoneyWiseUITransCategoryAnalysisSelect,286,0,22,0,72,0,27,0,16,0
MoneyWise Personal Finance - Core,io.github.tonywasher.joceanus.moneywise.lethe.ui.controls,MoneyWiseUIReportSelect,474,0,26,0,115,0,41,0,28,0
MoneyWise Personal Finance - Core,io.github.tonywasher.joceanus.moneywise.lethe.ui.controls,MoneyWiseUITaxBasisAnalysisSelect,368,0,28,0,93,0,34,0,20,0
MoneyWise Personal Finance - Core,io.github.tonywasher.joceanus.moneywise.lethe.ui.controls,MoneyWiseUIPortfolioAnalysisSelect,253,0,20,0,65,0,26,0,16,0
MoneyWise Personal Finance - Core,io.github.tonywasher.joceanus.moneywise.lethe.ui.controls,MoneyWiseUITransTagSelect,254,0,20,0,65,0,26,0,16,0
MoneyWise Personal Finance - Core,io.github.tonywasher.joceanus.moneywise.lethe.ui.controls,MoneyWiseUITaxBasisAnalysisSelect.MoneyWiseTaxBasisState,169,0,14,0,41,0,17,0,10,0
MoneyWise Personal Finance - Core,io.github.tonywasher.joceanus.moneywise.lethe.ui.controls,MoneyWiseUIDepositAnalysisSelect.MoneyWiseDepositState,135,0,10,0,40,0,17,0,12,0
MoneyWise Personal Finance - Core,io.github.tonywasher.joceanus.moneywise.lethe.ui.controls,MoneyWiseUISecurityAnalysisSelect.MoneyWiseSecurityState,144,0,12,0,41,0,18,0,12,0
MoneyWise Personal Finance - Core,io.github.tonywasher.joceanus.moneywise.lethe.ui.controls,MoneyWiseUIPayeeAnalysisSelect,252,0,20,0,64,0,26,0,16,0
MoneyWise Personal Finance - Core,io.github.tonywasher.joceanus.moneywise.lethe.ui.controls,MoneyWiseUICashAnalysisSelect,421,0,32,0,107,0,37,0,21,0
MoneyWise Personal Finance - Core,io.github.tonywasher.joceanus.moneywise.lethe.ui.controls,MoneyWiseUILoanAnalysisSelect.MoneyWiseLoanState,135,0,10,0,40,0,17,0,12,0
MoneyWise Personal Finance - Core,io.github.tonywasher.joceanus.moneywise.lethe.data.analysis.values,MoneyWiseAnalysisTaxBasisValues,74,36,6,0,16,8,7,3,4,3
MoneyWise Personal Finance - Core,io.github.tonywasher.joceanus.moneywise.lethe.data.analysis.values,MoneyWiseAnalysisSecurityValues,128,45,10,0,30,8,13,1,8,1
MoneyWise Personal Finance - Core,io.github.tonywasher.joceanus.moneywise.lethe.data.analysis.values,MoneyWiseAnalysisTransAttr,8,42,2,4,3,11,4,5,2,3
MoneyWise Personal Finance - Core,io.github.tonywasher.joceanus.moneywise.lethe.data.analysis.values,MoneyWiseAnalysisPayeeValues,65,50,4,0,15,13,6,4,4,4
MoneyWise Personal Finance - Core,io.github.tonywasher.joceanus.moneywise.lethe.data.analysis.values,MoneyWiseAnalysisCategoryValues,65,50,4,0,15,13,6,4,4,4
MoneyWise Personal Finance - Core,io.github.tonywasher.joceanus.moneywise.lethe.data.analysis.values,MoneyWiseAnalysisCreditCardValues,64,0,2,0,18,0,8,0,7,0
MoneyWise Personal Finance - Core,io.github.tonywasher.joceanus.moneywise.lethe.data.analysis.values,MoneyWiseAnalysisValuesResource,3,324,0,2,1,54,1,7,1,6
MoneyWise Personal Finance - Core,io.github.tonywasher.joceanus.moneywise.lethe.data.analysis.values,MoneyWiseAnalysisAccountAttr,22,106,7,13,9,27,7,14,2,3
MoneyWise Personal Finance - Core,io.github.tonywasher.joceanus.moneywise.lethe.data.analysis.values,MoneyWiseAnalysisTaxBasisAttr,8,42,2,4,3,11,4,5,2,3
MoneyWise Personal Finance - Core,io.github.tonywasher.joceanus.moneywise.lethe.data.analysis.values,MoneyWiseAnalysisPayeeAttr,8,42,2,4,3,11,4,5,2,3
MoneyWise Personal Finance - Core,io.github.tonywasher.joceanus.moneywise.lethe.data.analysis.values,MoneyWiseAnalysisSecurityAttr,24,242,9,29,10,61,9,30,2,3
MoneyWise Personal Finance - Core,io.github.tonywasher.joceanus.moneywise.lethe.data.analysis.values,MoneyWiseAnalysisAccountValues,71,22,8,0,17,6,9,3,5,3
MoneyWise Personal Finance - Core,io.github.tonywasher.joceanus.moneywise.ui.dialog,MoneyWiseUITransCategoryDialog,387,0,54,0,97,0,36,0,9,0
MoneyWise Personal Finance - Core,io.github.tonywasher.joceanus.moneywise.ui.dialog,MoneyWiseUIAssetDialog,66,0,0,0,12,0,11,0,11,0
MoneyWise Personal Finance - Core,io.github.tonywasher.joceanus.moneywise.ui.dialog,MoneyWiseUISecurityPriceTable,312,0,24,0,78,0,29,0,17,0
MoneyWise Personal Finance - Core,io.github.tonywasher.joceanus.moneywise.ui.dialog,MoneyWiseUIDepositDialog,881,0,122,0,198,0,81,0,20,0
MoneyWise Personal Finance - Core,io.github.tonywasher.joceanus.moneywise.ui.dialog,MoneyWiseUILoanCategoryDialog,380,0,54,0,94,0,36,0,9,0
MoneyWise Personal Finance - Core,io.github.tonywasher.joceanus.moneywise.ui.dialog,MoneyWiseUICashCategoryDialog,380,0,54,0,94,0,36,0,9,0
MoneyWise Personal Finance - Core,io.github.tonywasher.joceanus.moneywise.ui.dialog,MoneyWiseUIDepositRateTable,350,0,36,0,88,0,36,0,18,0
MoneyWise Personal Finance - Core,io.github.tonywasher.joceanus.moneywise.ui.dialog,MoneyWiseUITagDialog,122,0,10,0,30,0,10,0,5,0
MoneyWise Personal Finance - Core,io.github.tonywasher.joceanus.moneywise.ui.dialog,MoneyWiseUIDepositCategoryDialog,380,0,54,0,94,0,36,0,9,0
MoneyWise Personal Finance - Core,io.github.tonywasher.joceanus.moneywise.ui.dialog,MoneyWiseUISecurityDialog,1008,0,150,0,234,0,101,0,26,0
MoneyWise Personal Finance - Core,io.github.tonywasher.joceanus.moneywise.ui.dialog,MoneyWiseUIRegionDialog,122,0,10,0,30,0,10,0,5,0
MoneyWise Personal Finance - Core,io.github.tonywasher.joceanus.moneywise.ui.dialog,MoneyWiseUICashDialog,794,0,114,0,184,0,75,0,18,0
MoneyWise Personal Finance - Core,io.github.tonywasher.joceanus.moneywise.ui.dialog,MoneyWiseUITransCategoryDialog.CategoryType,112,0,20,0,34,0,17,0,6,0
MoneyWise Personal Finance - Core,io.github.tonywasher.joceanus.moneywise.ui.dialog,MoneyWiseUILoanDialog,791,0,116,0,177,0,74,0,16,0
MoneyWise Personal Finance - Core,io.github.tonywasher.joceanus.moneywise.ui.dialog,MoneyWiseUIPayeeDialog,679,0,102,0,148,0,63,0,12,0
MoneyWise Personal Finance - Core,io.github.tonywasher.joceanus.moneywise.ui.dialog,MoneyWiseUIPortfolioDialog,846,0,122,0,189,0,77,0,16,0
MoneyWise Personal Finance - Core,io.github.tonywasher.joceanus.moneywise.exc,MoneyWiseLogicException,9,0,0,0,4,0,2,0,2,0
MoneyWise Personal Finance - Core,io.github.tonywasher.joceanus.moneywise.exc,MoneyWiseIOException,5,0,0,0,2,0,1,0,1,0
MoneyWise Personal Finance - Core,io.github.tonywasher.joceanus.moneywise.exc,MoneyWiseCancelException,4,0,0,0,2,0,1,0,1,0
MoneyWise Personal Finance - Core,io.github.tonywasher.joceanus.moneywise.exc,MoneyWiseDataException,15,5,0,0,6,2,3,1,3,1
MoneyWise Personal Finance - Core,io.github.tonywasher.joceanus.moneywise.atlas.data.analysis.buckets,MoneyWiseXAnalysisTransTagBucket,146,0,12,0,44,0,23,0,17,0
MoneyWise Personal Finance - Core,io.github.tonywasher.joceanus.moneywise.atlas.data.analysis.buckets,MoneyWiseXAnalysis,328,437,7,7,59,101,17,23,13,20
MoneyWise Personal Finance - Core,io.github.tonywasher.joceanus.moneywise.atlas.data.analysis.buckets,MoneyWiseXAnalysisLoanBucket,46,38,0,0,14,10,5,4,5,4
MoneyWise Personal Finance - Core,io.github.tonywasher.joceanus.moneywise.atlas.data.analysis.buckets,MoneyWiseXAnalysisCashCategoryBucket.MoneyWiseXAnalysisCashCategoryBucketList,33,205,4,12,11,61,7,15,4,10
MoneyWise Personal Finance - Core,io.github.tonywasher.joceanus.moneywise.atlas.data.analysis.buckets,MoneyWiseXAnalysisCashCategoryBucket,12,42,2,0,4,13,3,7,2,7
MoneyWise Personal Finance - Core,io.github.tonywasher.joceanus.moneywise.atlas.data.analysis.buckets,MoneyWiseXAnalysisLoanCategoryBucket.MoneyWiseXAnalysisLoanCategoryBucketList,36,202,6,10,12,60,9,13,4,10
MoneyWise Personal Finance - Core,io.github.tonywasher.joceanus.moneywise.atlas.data.analysis.buckets,MoneyWiseXAnalysisTransCategoryBucket.MoneyWiseXAnalysisTransCategoryBucketList,138,217,17,15,40,60,18,16,7,11
MoneyWise Personal Finance - Core,io.github.tonywasher.joceanus.moneywise.atlas.data.analysis.buckets,MoneyWiseXAnalysisTransCategoryBucket,134,243,7,11,35,70,20,23,14,20
MoneyWise Personal Finance - Core,io.github.tonywasher.joceanus.moneywise.atlas.data.analysis.buckets,MoneyWiseXAnalysisSecurityBucket.MoneyWiseXAnalysisSecurityBucketList,90,93,15,7,26,29,13,10,5,7
MoneyWise Personal Finance - Core,io.github.tonywasher.joceanus.moneywise.atlas.data.analysis.buckets,MoneyWiseXAnalysisBucketResource,0,378,0,2,0,60,0,7,0,6
MoneyWise Personal Finance - Core,io.github.tonywasher.joceanus.moneywise.atlas.data.analysis.buckets,MoneyWiseXAnalysisTaxBasisBucket.MoneyWiseXAnalysisTaxBasisBucketList,180,136,20,8,47,37,20,13,10,9
MoneyWise Personal Finance - Core,io.github.tonywasher.joceanus.moneywise.atlas.data.analysis.buckets,MoneyWiseXAnalysisTaxBasisBaseBucket,159,259,5,15,42,63,22,24,18,18
MoneyWise Personal Finance - Core,io.github.tonywasher.joceanus.moneywise.atlas.data.analysis.buckets,MoneyWiseXAnalysisInterfaces,3,0,0,0,1,0,1,0,1,0
MoneyWise Personal Finance - Core,io.github.tonywasher.joceanus.moneywise.atlas.data.analysis.buckets,MoneyWiseXAnalysisDepositBucket,39,28,0,0,14,9,4,4,4,4
MoneyWise Personal Finance - Core,io.github.tonywasher.joceanus.moneywise.atlas.data.analysis.buckets,MoneyWiseXAnalysisCashBucket,31,26,0,0,10,8,4,4,4,4
MoneyWise Personal Finance - Core,io.github.tonywasher.joceanus.moneywise.atlas.data.analysis.buckets,MoneyWiseXAnalysisLoanCategoryBucket,12,42,2,0,4,13,3,7,2,7
MoneyWise Personal Finance - Core,io.github.tonywasher.joceanus.moneywise.atlas.data.analysis.buckets,MoneyWiseXAnalysisSecurityBucket,281,454,14,10,70,111,29,32,20,29
MoneyWise Personal Finance - Core,io.github.tonywasher.joceanus.moneywise.atlas.data.analysis.buckets,MoneyWiseXAnalysisCashBucket.MoneyWiseXAnalysisCashBucketList,90,15,10,0,25,4,14,3,9,3
MoneyWise Personal Finance - Core,io.github.tonywasher.joceanus.moneywise.atlas.data.analysis.buckets,MoneyWiseXAnalysisAccountBucket.MoneyWiseXAnalysisAccountBucketList,76,85,18,6,21,27,13,10,3,8
MoneyWise Personal Finance - Core,io.github.tonywasher.joceanus.moneywise.atlas.data.analysis.buckets,MoneyWiseXAnalysisType,144,0,25,0,40,0,25,0,6,0
MoneyWise Personal Finance - Core,io.github.tonywasher.joceanus.moneywise.atlas.data.analysis.buckets,MoneyWiseXAnalysisPortfolioBucket.MoneyWiseXAnalysisPortfolioBucketList,169,220,29,21,48,68,27,20,10,12
MoneyWise Personal Finance - Core,io.github.tonywasher.joceanus.moneywise.atlas.data.analysis.buckets,MoneyWiseXAnalysisAccountBucket,199,358,6,14,49,90,19,29,14,24
MoneyWise Personal Finance - Core,io.github.tonywasher.joceanus.moneywise.atlas.data.analysis.buckets,MoneyWiseXAnalysisPayeeBucket.MoneyWiseXAnalysisPayeeBucketList,100,131,14,8,30,37,15,12,7,9
MoneyWise Personal Finance - Core,io.github.tonywasher.joceanus.moneywise.atlas.data.analysis.buckets,MoneyWiseXAnalysisDepositCategoryBucket.MoneyWiseXAnalysisDepositCategoryBucketList,33,205,3,13,11,61,6,16,4,10
MoneyWise Personal Finance - Core,io.github.tonywasher.joceanus.moneywise.atlas.data.analysis.buckets,MoneyWiseXAnalysisPortfolioBucket,275,284,32,6,74,72,35,17,17,16
MoneyWise Personal Finance - Core,io.github.tonywasher.joceanus.moneywise.atlas.data.analysis.buckets,MoneyWiseXAnalysisDepositBucket.MoneyWiseXAnalysisDepositBucketList,94,15,10,0,26,4,15,3,10,3
MoneyWise Personal Finance - Core,io.github.tonywasher.joceanus.moneywise.atlas.data.analysis.buckets,MoneyWiseXAnalysisTaxBasisAccountBucket.MoneyWiseXAnalysisTaxBasisAccountBucketList,99,72,8,0,27,18,11,6,7,6
MoneyWise Personal Finance - Core,io.github.tonywasher.joceanus.moneywise.atlas.data.analysis.buckets,MoneyWiseXAnalysisAccountCategoryBucket,46,116,3,1,15,32,8,10,6,10
MoneyWise Personal Finance - Core,io.github.tonywasher.joceanus.moneywise.atlas.data.analysis.buckets,MoneyWiseXAnalysisPayeeBucket,126,212,6,8,33,61,19,20,14,18
MoneyWise Personal Finance - Core,io.github.tonywasher.joceanus.moneywise.atlas.data.analysis.buckets,MoneyWiseXAnalysisTaxBasisBucket,76,57,8,10,20,15,10,10,6,5
MoneyWise Personal Finance - Core,io.github.tonywasher.joceanus.moneywise.atlas.data.analysis.buckets,MoneyWiseXAnalysisDepositCategoryBucket,12,42,2,0,4,13,3,7,2,7
MoneyWise Personal Finance - Core,io.github.tonywasher.joceanus.moneywise.atlas.data.analysis.buckets,MoneyWiseXAnalysisTaxBasisAccountBucket,50,31,0,0,14,9,7,4,7,4
MoneyWise Personal Finance - Core,io.github.tonywasher.joceanus.moneywise.atlas.data.analysis.buckets,MoneyWiseXAnalysisTransTagBucket.MoneyWiseXAnalysisTransTagBucketList,143,29,16,0,41,10,19,3,11,3
MoneyWise Personal Finance - Core,io.github.tonywasher.joceanus.moneywise.atlas.data.analysis.buckets,MoneyWiseXAnalysisLoanBucket.MoneyWiseXAnalysisLoanBucketList,90,15,10,0,25,4,14,3,9,3
MoneyWise Personal Finance - Core,io.github.tonywasher.joceanus.moneywise.atlas.data.analysis.buckets,MoneyWiseXAnalysisTaxBasisBaseBucket.MoneyWiseXTaxBasisAdjust,0,35,0,4,0,6,0,5,0,3
MoneyWise Personal Finance - Core,io.github.tonywasher.joceanus.moneywise.atlas.data.analysis.buckets,MoneyWiseXAnalysisPortfolioCashBucket,24,41,0,0,8,12,5,4,5,4
MoneyWise Personal Finance - Core,io.github.tonywasher.joceanus.moneywise.atlas.data.analysis.analyse,MoneyWiseXAnalyseDeMerger,142,17,2,0,39,6,2,1,1,1
MoneyWise Personal Finance - Core,io.github.tonywasher.joceanus.moneywise.atlas.data.analysis.analyse,MoneyWiseXAnalyseManager,118,0,0,0,33,0,16,0,16,0
MoneyWise Personal Finance - Core,io.github.tonywasher.joceanus.moneywise.atlas.data.analysis.analyse,MoneyWiseXAnalyseXferOut,100,230,8,16,21,63,8,9,1,4
MoneyWise Personal Finance - Core,io.github.tonywasher.joceanus.moneywise.atlas.data.analysis.analyse,MoneyWiseXAnalyseTransaction,40,364,10,47,8,76,11,41,2,20
MoneyWise Personal Finance - Core,io.github.tonywasher.joceanus.moneywise.atlas.data.analysis.analyse,MoneyWiseXAnalyseSecurity,67,286,9,14,18,81,10,14,1,9
MoneyWise Personal Finance - Core,io.github.tonywasher.joceanus.moneywise.atlas.data.analysis.analyse,MoneyWiseXAnalyseXferIn,44,150,4,10,12,37,6,7,2,4
MoneyWise Personal Finance - Core,io.github.tonywasher.joceanus.moneywise.atlas.data.analysis.analyse,MoneyWiseXAnalyseTransAnalyser,52,701,11,58,10,179,12,46,1,21
MoneyWise Personal Finance - Core,io.github.tonywasher.joceanus.moneywise.atlas.data.analysis.analyse,MoneyWiseXAnalyseMarket,0,174,0,14,0,45,0,12,0,5
MoneyWise Personal Finance - Core,io.github.tonywasher.joceanus.moneywise.atlas.data.analysis.analyse,MoneyWiseXAnalyseEventAnalyser,41,271,3,16,13,82,5,19,3,10
MoneyWise Personal Finance - Core,io.github.tonywasher.joceanus.moneywise.atlas.data.analysis.analyse,MoneyWiseXAnalyseBuilder,65,76,2,4,20,24,3,5,2,3
MoneyWise Personal Finance - Core,io.github.tonywasher.joceanus.moneywise.atlas.data.analysis.analyse,MoneyWiseXAnalysePortfolioXfer,236,19,14,0,65,6,11,1,4,1
MoneyWise Personal Finance - Core,io.github.tonywasher.joceanus.moneywise.atlas.data.analysis.analyse,MoneyWiseXAnalyseState,73,509,15,56,16,125,14,52,3,26
MoneyWise Personal Finance - Core,io.github.tonywasher.joceanus.moneywise.atlas.data.analysis.analyse,MoneyWiseXAnalyseTakeover,356,20,18,0,95,6,12,1,3,1
MoneyWise Personal Finance - Core,io.github.tonywasher.joceanus.moneywise.atlas.data.analysis.analyse,MoneyWiseXAnalyseTax,372,568,60,47,95,153,44,34,0,17
MoneyWise Personal Finance - Core,io.github.tonywasher.joceanus.moneywise.atlas.data.analysis.analyse,MoneyWiseXAnalyseDividend,3,112,2,6,1,34,2,4,0,2
MoneyWise Personal Finance - Core,io.github.tonywasher.joceanus.moneywise.data.validate,MoneyWiseValidateRegion,53,45,10,6,15,16,10,4,2,4
MoneyWise Personal Finance - Core,io.github.tonywasher.joceanus.moneywise.data.validate,MoneyWiseValidatorFactory,15,105,4,22,3,28,4,20,0,3
MoneyWise Personal Finance - Core,io.github.tonywasher.joceanus.moneywise.data.validate,MoneyWiseValidateCategory,64,48,14,4,20,17,11,4,2,4
MoneyWise Personal Finance - Core,io.github.tonywasher.joceanus.moneywise.data.validate,MoneyWiseValidateSecurityPrice,43,69,12,12,10,23,12,2,0,2
MoneyWise Personal Finance - Core,io.github.tonywasher.joceanus.moneywise.data.validate,MoneyWiseValidatePayee,73,67,13,9,21,23,13,4,3,3
MoneyWise Personal Finance - Core,io.github.tonywasher.joceanus.moneywise.data.validate,MoneyWiseValidateTransCategory,106,104,25,24,27,30,20,9,1,3
MoneyWise Personal Finance - Core,io.github.tonywasher.joceanus.moneywise.data.validate,MoneyWiseValidatePortfolio,153,105,30,14,41,34,25,6,4,5
MoneyWise Personal Finance - Core,io.github.tonywasher.joceanus.moneywise.data.validate,MoneyWiseValidateTransDefaults.CategoryType,21,0,0,0,4,0,1,0,1,0
MoneyWise Personal Finance - Core,io.github.tonywasher.joceanus.moneywise.data.validate,MoneyWiseValidateAccount,61,54,11,5,16,19,11,5,3,5
MoneyWise Personal Finance - Core,io.github.tonywasher.joceanus.moneywise.data.validate,MoneyWiseValidateSecurityInfoSet,293,64,46,12,87,22,40,10,11,5
MoneyWise Personal Finance - Core,io.github.tonywasher.joceanus.moneywise.data.validate,MoneyWiseValidateLoan,153,85,29,11,44,27,24,4,4,4
MoneyWise Personal Finance - Core,io.github.tonywasher.joceanus.moneywise.data.validate,MoneyWiseValidateTransTag,53,45,10,6,15,16,10,4,2,4
MoneyWise Personal Finance - Core,io.github.tonywasher.joceanus.moneywise.data.validate,MoneyWiseValidatePayeeInfoSet,35,13,4,2,10,4,5,3,3,2
MoneyWise Personal Finance - Core,io.github.tonywasher.joceanus.moneywise.data.validate,MoneyWiseValidateCashCategory,61,59,11,11,16,19,11,3,1,2
MoneyWise Personal Finance - Core,io.github.tonywasher.joceanus.moneywise.data.validate,MoneyWiseValidateTransDefaults,805,10,141,0,226,4,91,2,20,2
MoneyWise Personal Finance - Core,io.github.tonywasher.joceanus.moneywise.data.validate,MoneyWiseValidatePortfolioInfoSet,39,13,4,2,11,4,6,3,4,2
MoneyWise Personal Finance - Core,io.github.tonywasher.joceanus.moneywise.data.validate,MoneyWiseValidateDepositCategory,61,59,11,11,16,19,11,3,1,2
MoneyWise Personal Finance - Core,io.github.tonywasher.joceanus.moneywise.data.validate,MoneyWiseValidateDepositInfoSet,85,57,13,7,25,18,13,7,4,5
MoneyWise Personal Finance - Core,io.github.tonywasher.joceanus.moneywise.data.validate,MoneyWiseValidateDeposit,153,85,29,11,44,27,24,4,4,4
MoneyWise Personal Finance - Core,io.github.tonywasher.joceanus.moneywise.data.validate,MoneyWiseValidateXchangeRate,53,80,15,15,12,26,15,2,0,2
MoneyWise Personal Finance - Core,io.github.tonywasher.joceanus.moneywise.data.validate,MoneyWiseValidateSecurity,177,129,34,22,48,43,31,7,5,5
MoneyWise Personal Finance - Core,io.github.tonywasher.joceanus.moneywise.data.validate,MoneyWiseValidateCash,82,63,13,7,25,22,13,4,3,4
MoneyWise Personal Finance - Core,io.github.tonywasher.joceanus.moneywise.data.validate,MoneyWiseValidateCurrency,13,30,3,5,3,10,3,3,0,2
MoneyWise Personal Finance - Core,io.github.tonywasher.joceanus.moneywise.data.validate,MoneyWiseValidateTransaction,464,524,156,118,100,137,124,61,10,16
MoneyWise Personal Finance - Core,io.github.tonywasher.joceanus.moneywise.data.validate,MoneyWiseValidateLoanInfoSet,67,49,10,5,19,15,10,6,3,5
MoneyWise Personal Finance - Core,io.github.tonywasher.joceanus.moneywise.data.validate,MoneyWiseValidateCashInfoSet,173,92,34,16,47,32,27,14,6,7
MoneyWise Personal Finance - Core,io.github.tonywasher.joceanus.moneywise.data.validate,MoneyWiseValidateDepositRate,70,0,16,0,23,0,10,0,2,0
MoneyWise Personal Finance - Core,io.github.tonywasher.joceanus.moneywise.data.validate,MoneyWiseValidateTransInfoSet,725,514,121,106,200,166,106,73,19,23
MoneyWise Personal Finance - Core,io.github.tonywasher.joceanus.moneywise.data.validate,MoneyWiseValidateLoanCategory,61,59,11,11,16,19,11,3,1,2
MoneyWise Personal Finance - Core,io.github.tonywasher.joceanus.moneywise.atlas.views,MoneyWiseXAnalysisFilter.MoneyWiseXAnalysisPortfolioCashFilter,70,0,5,0,17,0,12,0,9,0
MoneyWise Personal Finance - Core,io.github.tonywasher.joceanus.moneywise.atlas.views,MoneyWiseXAnalysisFilter.MoneyWiseXAnalysisTagFilter,36,0,4,0,11,0,10,0,8,0
MoneyWise Personal Finance - Core,io.github.tonywasher.joceanus.moneywise.atlas.views,MoneyWiseXAnalysisFilter.MoneyWiseXAnalysisPayeeFilter,44,0,0,0,9,0,7,0,7,0
MoneyWise Personal Finance - Core,io.github.tonywasher.joceanus.moneywise.atlas.views,MoneyWiseXAnalysisFilter.MoneyWiseXAnalysisLoanFilter,26,0,5,0,9,0,6,0,3,0
MoneyWise Personal Finance - Core,io.github.tonywasher.joceanus.moneywise.atlas.views,MoneyWiseXAnalysisFilter.MoneyWiseXAnalysisAccountFilter,42,0,0,0,8,0,6,0,6,0
MoneyWise Personal Finance - Core,io.github.tonywasher.joceanus.moneywise.atlas.views,MoneyWiseXAnalysisFilter.MoneyWiseXAnalysisDepositFilter,26,0,5,0,9,0,6,0,3,0
MoneyWise Personal Finance - Core,io.github.tonywasher.joceanus.moneywise.atlas.views,MoneyWiseXAnalysisFilter.MoneyWiseXAnalysisTransCategoryFilter,51,0,2,0,12,0,8,0,7,0
MoneyWise Personal Finance - Core,io.github.tonywasher.joceanus.moneywise.atlas.views,MoneyWiseXAnalysisFilter.MoneyWiseXAnalysisTaxBasisFilter,39,0,0,0,9,0,7,0,7,0
MoneyWise Personal Finance - Core,io.github.tonywasher.joceanus.moneywise.atlas.views,MoneyWiseXTransactionFilters,326,0,36,0,97,0,29,0,11,0
MoneyWise Personal Finance - Core,io.github.tonywasher.joceanus.moneywise.atlas.views,MoneyWiseXAnalysisFilter.MoneyWiseXAnalysisAllFilter,37,0,2,0,13,0,12,0,11,0
MoneyWise Personal Finance - Core,io.github.tonywasher.joceanus.moneywise.atlas.views,MoneyWiseXAnalysisFilter,167,0,26,0,51,0,31,0,18,0
MoneyWise Personal Finance - Core,io.github.tonywasher.joceanus.moneywise.atlas.views,MoneyWiseXAnalysisFilter.MoneyWiseXAnalysisCashFilter,26,0,5,0,9,0,6,0,3,0
MoneyWise Personal Finance - Core,io.github.tonywasher.joceanus.moneywise.atlas.views,MoneyWiseXAnalysisFilter.MoneyWiseXAnalysisSecurityFilter,64,0,5,0,15,0,11,0,8,0
MoneyWise Personal Finance - Core,io.github.tonywasher.joceanus.moneywise.lethe.data.analysis.base,MoneyWiseAnalysisHistory,336,22,32,0,90,7,29,3,13,3
MoneyWise Personal Finance - Core,io.github.tonywasher.joceanus.moneywise.lethe.data.analysis.base,MoneyWiseAnalysisValues,143,77,10,5,35,17,22,9,16,7
MoneyWise Personal Finance - Core,io.github.tonywasher.joceanus.moneywise.lethe.data.analysis.base,MoneyWiseAnalysisSnapShot,126,0,0,0,34,0,15,0,15,0
MoneyWise Personal Finance - Core,io.github.tonywasher.joceanus.moneywise.lethe.data.analysis.base,MoneyWiseAnalysisBaseResource,0,147,0,2,0,27,0,7,0,6
MoneyWise Personal Finance - Core,io.github.tonywasher.joceanus.moneywise.ui.panel,MoneyWiseUIMainTab,555,0,57,0,120,0,55,0,26,0
MoneyWise Personal Finance - Core,io.github.tonywasher.joceanus.moneywise.ui.panel,MoneyWiseUIMarketPricesTable,365,0,28,0,89,0,35,0,21,0
MoneyWise Personal Finance - Core,io.github.tonywasher.joceanus.moneywise.ui.panel,MoneyWiseUIMarketPricesTable.MoneyWiseSpotPricesPanel,216,0,6,0,47,0,16,0,13,0
MoneyWise Personal Finance - Core,io.github.tonywasher.joceanus.moneywise.ui.panel,MoneyWiseUITransCategoryTable,319,0,30,0,86,0,31,0,16,0
MoneyWise Personal Finance - Core,io.github.tonywasher.joceanus.moneywise.ui.panel,MoneyWiseUICategoryPanel,915,0,82,0,225,0,72,0,27,0
MoneyWise Personal Finance - Core,io.github.tonywasher.joceanus.moneywise.ui.panel,MoneyWiseUIPortfolioTable,228,0,8,0,70,0,17,0,13,0
MoneyWise Personal Finance - Core,io.github.tonywasher.joceanus.moneywise.ui.panel,MoneyWiseUIMarketRatesTable.MoneyWiseSpotRatesPanel,226,0,6,0,51,0,18,0,15,0
MoneyWise Personal Finance - Core,io.github.tonywasher.joceanus.moneywise.ui.panel,MoneyWiseUIAccountPanel,937,0,80,0,228,0,69,0,26,0
MoneyWise Personal Finance - Core,io.github.tonywasher.joceanus.moneywise.ui.panel,MoneyWiseUIPayeeTable,216,0,8,0,66,0,15,0,11,0
MoneyWise Personal Finance - Core,io.github.tonywasher.joceanus.moneywise.ui.panel,MoneyWiseUISecurityTable,269,0,8,0,80,0,17,0,13,0
MoneyWise Personal Finance - Core,io.github.tonywasher.joceanus.moneywise.ui.panel,MoneyWiseUICashCategoryTable,317,0,28,0,86,0,30,0,16,0
MoneyWise Personal Finance - Core,io.github.tonywasher.joceanus.moneywise.ui.panel,MoneyWiseUIMarketRatesTable,346,0,20,0,87,0,32,0,22,0
MoneyWise Personal Finance - Core,io.github.tonywasher.joceanus.moneywise.ui.panel,MoneyWiseUILoanCategoryTable,317,0,28,0,86,0,30,0,16,0
MoneyWise Personal Finance - Core,io.github.tonywasher.joceanus.moneywise.ui.panel,MoneyWiseUICashTable,222,0,8,0,68,0,16,0,12,0
MoneyWise Personal Finance - Core,io.github.tonywasher.joceanus.moneywise.ui.panel,MoneyWiseUIAccountPanel.PanelName,57,0,0,0,11,0,3,0,3,0
MoneyWise Personal Finance - Core,io.github.tonywasher.joceanus.moneywise.ui.panel,MoneyWiseUIMarketTabs,183,0,16,0,39,0,20,0,12,0
MoneyWise Personal Finance - Core,io.github.tonywasher.joceanus.moneywise.ui.panel,MoneyWiseUICategoryPanel.PanelName,57,0,0,0,11,0,3,0,3,0
MoneyWise Personal Finance - Core,io.github.tonywasher.joceanus.moneywise.ui.panel,MoneyWiseUIStaticPanel,630,0,30,0,144,0,40,0,25,0
MoneyWise Personal Finance - Core,io.github.tonywasher.joceanus.moneywise.ui.panel,MoneyWiseUIDepositTable,247,0,8,0,74,0,17,0,13,0
MoneyWise Personal Finance - Core,io.github.tonywasher.joceanus.moneywise.ui.panel,MoneyWiseUITransTagTable,324,0,10,0,90,0,24,0,19,0
MoneyWise Personal Finance - Core,io.github.tonywasher.joceanus.moneywise.ui.panel,MoneyWiseUILoanTable,228,0,8,0,70,0,17,0,13,0
MoneyWise Personal Finance - Core,io.github.tonywasher.joceanus.moneywise.ui.panel,MoneyWiseUIRegionTable,322,0,10,0,89,0,23,0,18,0
MoneyWise Personal Finance - Core,io.github.tonywasher.joceanus.moneywise.ui.panel,MoneyWiseUIDepositCategoryTable,317,0,28,0,86,0,30,0,16,0
MoneyWise Personal Finance - Core,io.github.tonywasher.joceanus.moneywise.ui.panel,MoneyWiseUIMaintenance,473,0,49,0,122,0,45,0,18,0
MoneyWise Personal Finance - Core,io.github.tonywasher.joceanus.moneywise.ui.panel,MoneyWiseUIStaticTable,382,0,20,0,93,0,32,0,22,0
MoneyWise Personal Finance - Core,io.github.tonywasher.joceanus.moneywise.database,MoneyWiseTableDepositCategory,0,125,0,8,0,31,0,9,0,5
MoneyWise Personal Finance - Core,io.github.tonywasher.joceanus.moneywise.database,MoneyWiseTableDeposit,0,164,0,12,0,38,0,11,0,5
MoneyWise Personal Finance - Core,io.github.tonywasher.joceanus.moneywise.database,MoneyWiseTableTransTag,0,78,0,4,0,21,0,7,0,5
MoneyWise Personal Finance - Core,io.github.tonywasher.joceanus.moneywise.database,MoneyWiseTableExchangeRate,0,130,0,8,0,32,0,9,0,5
MoneyWise Personal Finance - Core,io.github.tonywasher.joceanus.moneywise.database,MoneyWiseTableCashInfo,0,22,0,0,0,7,0,4,0,4
MoneyWise Personal Finance - Core,io.github.tonywasher.joceanus.moneywise.database,MoneyWiseTableLoanInfo,0,22,0,0,0,7,0,4,0,4
MoneyWise Personal Finance - Core,io.github.tonywasher.joceanus.moneywise.database,MoneyWiseTableSecurityInfo,0,22,0,0,0,7,0,4,0,4
MoneyWise Personal Finance - Core,io.github.tonywasher.joceanus.moneywise.database,MoneyWiseTableTransCategory,0,125,0,8,0,31,0,9,0,5
MoneyWise Personal Finance - Core,io.github.tonywasher.joceanus.moneywise.database,MoneyWiseTableTaxBasis,0,20,0,0,0,7,0,4,0,4
MoneyWise Personal Finance - Core,io.github.tonywasher.joceanus.moneywise.database,MoneyWiseTableSecurityPrice,0,104,0,6,0,27,0,8,0,5
MoneyWise Personal Finance - Core,io.github.tonywasher.joceanus.moneywise.database,MoneyWiseTableSecurity,0,164,0,12,0,38,0,11,0,5
MoneyWise Personal Finance - Core,io.github.tonywasher.joceanus.moneywise.database,MoneyWiseTableDepositRate,81,44,8,0,18,13,6,3,2,3
MoneyWise Personal Finance - Core,io.github.tonywasher.joceanus.moneywise.database,MoneyWiseTableCashCategoryType,0,20,0,0,0,7,0,4,0,4
MoneyWise Personal Finance - Core,io.github.tonywasher.joceanus.moneywise.database,MoneyWiseTableDepositInfo,0,22,0,0,0,7,0,4,0,4
MoneyWise Personal Finance - Core,io.github.tonywasher.joceanus.moneywise.database,MoneyWiseTableAccountInfoType,0,20,0,0,0,7,0,4,0,4
MoneyWise Personal Finance - Core,io.github.tonywasher.joceanus.moneywise.database,MoneyWiseTableCashCategory,0,125,0,8,0,31,0,9,0,5
MoneyWise Personal Finance - Core,io.github.tonywasher.joceanus.moneywise.database,MoneyWiseTablePayeeType,0,20,0,0,0,7,0,4,0,4
MoneyWise Personal Finance - Core,io.github.tonywasher.joceanus.moneywise.database,MoneyWiseTablePortfolioInfo,4,18,0,0,1,6,1,3,1,3
MoneyWise Personal Finance - Core,io.github.tonywasher.joceanus.moneywise.database,MoneyWiseTableCash,0,143,0,10,0,34,0,10,0,5
MoneyWise Personal Finance - Core,io.github.tonywasher.joceanus.moneywise.database,MoneyWiseTablePortfolio,0,164,0,12,0,38,0,11,0,5
MoneyWise Personal Finance - Core,io.github.tonywasher.joceanus.moneywise.database,MoneyWiseTableTransInfo,0,22,0,0,0,7,0,4,0,4
MoneyWise Personal Finance - Core,io.github.tonywasher.joceanus.moneywise.database,MoneyWiseTablePayeeInfo,4,18,0,0,1,6,1,3,1,3
MoneyWise Personal Finance - Core,io.github.tonywasher.joceanus.moneywise.database,MoneyWiseTableLoanCategory,0,125,0,8,0,31,0,9,0,5
MoneyWise Personal Finance - Core,io.github.tonywasher.joceanus.moneywise.database,MoneyWiseTableTransInfoType,0,20,0,0,0,7,0,4,0,4
MoneyWise Personal Finance - Core,io.github.tonywasher.joceanus.moneywise.database,MoneyWiseTableRegion,0,78,0,4,0,21,0,7,0,5
MoneyWise Personal Finance - Core,io.github.tonywasher.joceanus.moneywise.database,MoneyWiseTablePayee,0,122,0,8,0,30,0,9,0,5
MoneyWise Personal Finance - Core,io.github.tonywasher.joceanus.moneywise.database,MoneyWiseTableCurrency,0,56,0,2,0,17,0,6,0,5
MoneyWise Personal Finance - Core,io.github.tonywasher.joceanus.moneywise.database,MoneyWiseTableDepositCategoryType,0,20,0,0,0,7,0,4,0,4
MoneyWise Personal Finance - Core,io.github.tonywasher.joceanus.moneywise.database,MoneyWiseTableLoanCategoryType,0,20,0,0,0,7,0,4,0,4
MoneyWise Personal Finance - Core,io.github.tonywasher.joceanus.moneywise.database,MoneyWiseTableLoan,0,164,0,12,0,38,0,11,0,5
MoneyWise Personal Finance - Core,io.github.tonywasher.joceanus.moneywise.database,MoneyWiseTableTransaction,0,183,0,14,0,42,0,12,0,5
MoneyWise Personal Finance - Core,io.github.tonywasher.joceanus.moneywise.database,MoneyWiseTableSecurityType,0,20,0,0,0,7,0,4,0,4
MoneyWise Personal Finance - Core,io.github.tonywasher.joceanus.moneywise.database,MoneyWiseTablePortfolioType,0,20,0,0,0,7,0,4,0,4
MoneyWise Personal Finance - Core,io.github.tonywasher.joceanus.moneywise.database,MoneyWiseDataStore,58,227,6,38,8,42,5,37,1,3
MoneyWise Personal Finance - Core,io.github.tonywasher.joceanus.moneywise.database,MoneyWiseTableTransCategoryType,0,20,0,0,0,7,0,4,0,4
MoneyWise Personal Finance - Core,io.github.tonywasher.joceanus.moneywise.ui.base,MoneyWiseUINameSpaceIterator,62,0,8,0,18,0,7,0,3,0
MoneyWise Personal Finance - Core,io.github.tonywasher.joceanus.moneywise.ui.base,MoneyWiseUIAssetTable,510,0,52,0,122,0,59,0,33,0
MoneyWise Personal Finance - Core,io.github.tonywasher.joceanus.moneywise.ui.base,MoneyWiseUIBaseTable,540,0,58,0,160,0,71,0,42,0
MoneyWise Personal Finance - Core,io.github.tonywasher.joceanus.moneywise.ui.base,MoneyWiseUIItemPanel,292,0,28,0,78,0,29,0,13,0
MoneyWise Personal Finance - Core,io.github.tonywasher.joceanus.moneywise.ui.base,MoneyWiseUIDialogTable,71,0,0,0,20,0,6,0,6,0
MoneyWise Personal Finance - Core,io.github.tonywasher.joceanus.moneywise.ui.base,MoneyWiseUITableSelect,140,0,30,0,45,0,22,0,7,0
MoneyWise Personal Finance - Core,io.github.tonywasher.joceanus.moneywise.ui.base,MoneyWiseUICategoryTable,343,0,28,0,89,0,34,0,20,0
